30.070000	0.784180
30.200000	0.786133
30.320000	0.779297
30.440000	0.776367
30.560000	0.773437
30.680000	0.769531
30.800000	0.766602
30.920000	0.762695
31.050000	0.756836
31.170000	0.752930
31.290000	0.750977
31.410000	0.746094
31.530000	0.742187
31.650000	0.738281
31.770000	0.735352
31.890000	0.731445
32.010000	0.727539
32.130000	0.723633
32.250000	0.720703
32.370000	0.716797
32.490000	0.712891
32.610000	0.708008
32.730000	0.705078
32.850000	0.701172
32.970000	0.702148
33.090000	0.692383
33.210000	0.689453
33.330000	0.685547
33.450000	0.680664
33.570000	0.681641
33.690000	0.672852
33.810000	0.668945
33.930000	0.665039
34.050000	0.660156
34.170000	0.657227
34.290000	0.653320
34.410000	0.654297
34.530000	0.650391
34.650000	0.640625
34.770000	0.641602
34.890000	0.633789
35.010000	0.632812
35.130000	0.629883
35.250000	0.620117
35.370000	0.622070
35.490000	0.617187
35.610000	0.607422
35.730000	0.608398
35.850000	0.600586
35.970000	0.594727
36.090000	0.595703
36.210000	0.591797
36.330000	0.586914
36.450000	0.582031
36.570000	0.579102
36.690000	0.575195
36.810000	0.570312
36.930000	0.565430
37.050000	0.561523
37.180000	0.552734
37.300000	0.548828
37.420000	0.542969
37.540000	0.539062
37.660000	0.535156
37.780000	0.529297
37.900000	0.525391
38.020000	0.520508
38.140000	0.516602
38.260000	0.512695
38.380000	0.512695
38.500000	0.503906
38.620000	0.499023
38.740000	0.494141
38.860000	0.490234
38.980000	0.485352
39.100000	0.481445
39.220000	0.476563
39.340000	0.473633
39.460000	0.467773
39.580000	0.464844
39.700000	0.459961
39.820000	0.456055
39.940000	0.452148
40.060000	0.447266
40.180000	0.443359
40.300000	0.439453
40.420000	0.433594
40.540000	0.431641
40.660000	0.426758
40.780000	0.422852
40.900000	0.417969
41.020000	0.414063
41.150000	0.405273
41.260000	0.405273
41.380000	0.400391
41.500000	0.395508
41.620000	0.391602
41.750000	0.382812
41.870000	0.378906
41.990000	0.374023
42.110000	0.370117
42.230000	0.366211
42.350000	0.361328
42.470000	0.356445
42.590000	0.352539
42.710000	0.349609
42.830000	0.345703
42.950000	0.341797
43.070000	0.336914
43.190000	0.333008
43.310000	0.328125
43.430000	0.325195
43.550000	0.321289
43.670000	0.319336
43.790000	0.315430
43.910000	0.306641
44.030000	0.306641
44.150000	0.298828
44.270000	0.297852
44.390000	0.289062
44.510000	0.287109
44.630000	0.282227
44.750000	0.280273
44.870000	0.277344
44.990000	0.272461
45.110000	0.266602
45.230000	0.262695
45.350000	0.258789
45.480000	0.250000
45.600000	0.247070
45.720000	0.243164
45.840000	0.239258
45.960000	0.234375
46.080000	0.229492
46.200000	0.225586
46.320000	0.222656
46.440000	0.218750
46.560000	0.215820
46.680000	0.210938
46.800000	0.207031
46.920000	0.204102
47.050000	0.196289
47.170000	0.193359
47.290000	0.189453
47.410000	0.185547
47.530000	0.181641
47.650000	0.176758
47.770000	0.173828
47.890000	0.169922
48.010000	0.166016
48.130000	0.161133
48.250000	0.158203
48.370000	0.153320
48.490000	0.151367
48.610000	0.146484
48.730000	0.142578
48.850000	0.139648
48.970000	0.135742
49.090000	0.131836
49.210000	0.127930
49.330000	0.125000
49.450000	0.122070
49.570000	0.118164
49.690000	0.114258
49.810000	0.111328
49.930000	0.108398
50.050000	0.104492
50.170000	0.100586
50.290000	0.096680
50.420000	0.092773
50.540000	0.090820
50.660000	0.086914
50.780000	0.083008
50.900000	0.079102
51.020000	0.077148
51.140000	0.074219
51.260000	0.071289
51.380000	0.067383
51.500000	0.064453
51.620000	0.061523
51.740000	0.059570
51.860000	0.056641
51.980000	0.053711
52.100000	0.050781
52.220000	0.048828
52.340000	0.044922
52.460000	0.042969
52.580000	0.041016
52.700000	0.038086
52.820000	0.036133
52.950000	0.033203
53.070000	0.031250
53.190000	0.030273
53.310000	0.028320
53.430000	0.025391
53.550000	0.024414
53.670000	0.022461
53.790000	0.020508
53.910000	0.018555
54.030000	0.017578
54.150000	0.015625
54.270000	0.013672
54.390000	0.011719
54.510000	0.010742
54.630000	0.009766
54.750000	0.008789
54.870000	0.007813
54.990000	0.005859
55.120000	0.004883
55.240000	0.004883
55.350000	0.004883
55.470000	0.002930
55.590000	0.003906
55.710000	0.002930
55.830000	0.001953
55.950000	0.001953
56.070000	0.001953
56.190000	0.000977
56.310000	0.000977
56.430000	0.000977
56.550000	0.000000
56.670000	0.000977
56.790000	0.000000
56.910000	0.000977
57.030000	0.002930
57.150000	0.002930
57.270000	0.003906
57.390000	0.005859
57.520000	0.006836
57.640000	0.006836
57.750000	0.008789
57.880000	0.010742
58.000000	0.011719
58.120000	0.013672
58.240000	0.014648
58.360000	0.017578
58.480000	0.019531
58.600000	0.021484
58.720000	0.024414
58.840000	0.026367
58.960000	0.028320
59.080000	0.031250
59.200000	0.034180
59.320000	0.038086
59.440000	0.041016
59.560000	0.044922
59.680000	0.047852
59.800000	0.051758
59.920000	0.055664
60.050000	0.060547
60.170000	0.064453
60.290000	0.068359
60.410000	0.074219
60.530000	0.078125
60.650000	0.083008
60.770000	0.088867
60.890000	0.093750
61.010000	0.098633
61.130000	0.104492
61.250000	0.111328
61.370000	0.118164
61.490000	0.124023
61.610000	0.130859
61.730000	0.137695
61.860000	0.143555
61.970000	0.151367
62.090000	0.159180
62.210000	0.166016
62.330000	0.174805
62.450000	0.182617
62.570000	0.190430
62.690000	0.199219
62.810000	0.208008
62.930000	0.216797
63.050000	0.226563
63.180000	0.235352
63.300000	0.245117
63.420000	0.255859
63.540000	0.266602
63.660000	0.277344
63.780000	0.288086
63.900000	0.299805
64.020000	0.310547
64.140000	0.323242
64.260000	0.334961
64.380000	0.346680
64.500000	0.359375
64.620000	0.373047
64.740000	0.385742
64.860000	0.398437
64.980000	0.413086
65.100000	0.427734
65.220000	0.440430
65.350000	0.456055
65.460000	0.470703
65.580000	0.486328
65.700000	0.500000
65.820000	0.517578
65.950000	0.536133
66.070000	0.553711
66.190000	0.570312
66.310000	0.588867
66.430000	0.606445
66.550000	0.624023
66.670000	0.643555
66.790000	0.663086
66.910000	0.681641
67.030000	0.702148
67.150000	0.722656
67.270000	0.742187
67.390000	0.761719
67.510000	0.784180
67.630000	0.805664
67.750000	0.826172
67.870000	0.848633
67.990000	0.869141
68.110000	0.887695
68.230000	0.906250
68.360000	0.922852
68.480000	0.934570
68.590000	0.939453
68.710000	0.936523
68.830000	0.934570
68.960000	0.932617
69.080000	0.931641
69.200000	0.929687
69.320000	0.928711
69.430000	0.927734
69.550000	0.927734
69.670000	0.926758
69.790000	0.926758
69.900000	0.925781
70.020000	0.925781
70.140000	0.924805
70.260000	0.925781
70.380000	0.922852
70.500000	0.922852
70.620000	0.922852
70.740000	0.921875
70.860000	0.921875
70.980000	0.920898
71.090000	0.920898
71.210000	0.919922
71.330000	0.919922
71.450000	0.918945
71.570000	0.918945
71.680000	0.919922
71.800000	0.918945
71.920000	0.918945
72.040000	0.918945
72.160000	0.916992
72.280000	0.916992
72.400000	0.916016
72.510000	0.916992
72.630000	0.916016
72.750000	0.916016
72.860000	0.916016
72.980000	0.915039
73.100000	0.915039
73.220000	0.915039
73.330000	0.914062
73.460000	0.913086
73.570000	0.914062
73.690000	0.914062
73.810000	0.914062
73.930000	0.913086
74.040000	0.913086
74.160000	0.913086
74.280000	0.912109
74.400000	0.913086
74.520000	0.912109
74.640000	0.912109
74.750000	0.912109
74.870000	0.911133
74.990000	0.911133
75.110000	0.911133
75.220000	0.911133
75.340000	0.909180
75.460000	0.909180
75.580000	0.909180
75.700000	0.908203
75.810000	0.910156
75.930000	0.909180
76.050000	0.909180
76.170000	0.908203
76.280000	0.909180
76.400000	0.908203
76.520000	0.908203
76.640000	0.908203
76.750000	0.908203
76.870000	0.907227
76.990000	0.907227
77.110000	0.908203
77.230000	0.907227
77.350000	0.907227
77.460000	0.907227
77.580000	0.906250
77.700000	0.906250
77.820000	0.905273
77.940000	0.906250
78.060000	0.906250
78.170000	0.906250
78.290000	0.906250
78.410000	0.905273
78.530000	0.906250
78.650000	0.905273
78.770000	0.905273
78.880000	0.904297
79.010000	0.905273
79.130000	0.904297
79.250000	0.904297
79.360000	0.904297
79.480000	0.903320
79.600000	0.903320
79.720000	0.902344
79.840000	0.902344
79.950000	0.903320
80.070000	0.903320
80.190000	0.902344
80.310000	0.903320
80.430000	0.902344
80.550000	0.901367
80.670000	0.903320
80.790000	0.901367
80.910000	0.901367
81.020000	0.902344
81.140000	0.901367
81.260000	0.901367
81.380000	0.901367
81.490000	0.901367
81.610000	0.901367
81.730000	0.901367
81.840000	0.900391
81.970000	0.901367
82.090000	0.900391
82.200000	0.900391
82.320000	0.900391
82.440000	0.900391
82.560000	0.900391
82.670000	0.900391
82.790000	0.899414
82.910000	0.899414
83.030000	0.899414
83.140000	0.900391
83.260000	0.899414
83.380000	0.900391
83.500000	0.898437
83.610000	0.899414
83.730000	0.899414
83.850000	0.898437
83.970000	0.899414
84.090000	0.899414
84.210000	0.898437
84.330000	0.898437
84.450000	0.898437
84.560000	0.898437
84.680000	0.898437
84.800000	0.897461
84.920000	0.897461
85.030000	0.898437
85.150000	0.897461
85.270000	0.897461
85.390000	0.897461
85.500000	0.897461
85.620000	0.897461
85.740000	0.897461
85.860000	0.897461
85.970000	0.897461
86.090000	0.896484
86.210000	0.896484
86.320000	0.896484
86.440000	0.897461
86.560000	0.896484
86.680000	0.897461
86.790000	0.896484
86.910000	0.896484
87.030000	0.897461
87.150000	0.897461
87.260000	0.898437
87.380000	0.898437
87.500000	0.901367
87.620000	0.906250
87.740000	0.905039
87.860000	0.897930
87.980000	0.893516
88.100000	0.891211
88.220000	0.894063
88.340000	0.899023
88.460000	0.906250
88.580000	0.896289
88.710000	0.894453
88.830000	0.897109
88.950000	0.894766
89.070000	0.893008
89.190000	0.896172
89.310000	0.896484
89.430000	0.894531
89.550000	0.894531
