30.080000	0.900000
30.210000	0.900000
30.330000	0.900000
30.450000	0.900000
30.570000	0.900000
30.690000	0.900000
30.810000	0.900000
30.930000	0.900000
31.050000	0.900000
31.170000	0.900000
31.290000	0.900000
31.410000	0.900000
31.520000	0.900000
31.640000	0.900000
31.760000	0.900000
31.880000	0.900000
32.000000	0.900000
32.120000	0.900000
32.240000	0.900000
32.360000	0.900000
32.480000	0.900000
32.600000	0.900000
32.720000	0.900000
32.840000	0.900000
32.960000	0.900000
33.080000	0.900000
33.190000	0.900000
33.310000	0.900000
33.450000	0.900000
33.570000	0.900000
33.680000	0.900000
33.800000	0.900000
33.920000	0.900000
34.040000	0.900000
34.160000	0.900000
34.280000	0.900000
34.400000	0.900000
34.520000	0.900000
34.640000	0.900000
34.760000	0.900000
34.880000	0.900000
34.990000	0.900000
35.110000	0.900000
35.230000	0.900000
35.350000	0.900000
35.470000	0.900000
35.590000	0.900000
35.710000	0.900000
35.830000	0.910000
35.950000	0.900000
36.080000	0.910000
36.200000	0.910000
36.320000	0.910000
36.440000	0.910000
36.560000	0.910000
36.700000	0.910000
36.820000	0.910000
36.940000	0.910000
37.060000	0.910000
37.180000	0.910000
37.300000	0.910000
37.420000	0.910000
37.540000	0.910000
37.660000	0.910000
37.780000	0.910000
37.920000	0.910000
38.030000	0.910000
38.150000	0.910000
38.270000	0.910000
38.390000	0.910000
38.510000	0.910000
38.630000	0.910000
38.750000	0.900000
38.870000	0.900000
38.990000	0.890000
39.120000	0.890000
39.240000	0.880000
39.370000	0.880000
39.480000	0.870000
39.610000	0.860000
39.740000	0.860000
39.860000	0.850000
39.980000	0.840000
40.100000	0.830000
40.230000	0.830000
40.350000	0.820000
40.470000	0.810000
40.590000	0.810000
40.710000	0.800000
40.840000	0.790000
40.970000	0.780000
41.090000	0.780000
41.210000	0.770000
41.340000	0.760000
41.470000	0.750000
41.590000	0.740000
41.720000	0.730000
41.840000	0.730000
41.960000	0.720000
42.080000	0.710000
42.210000	0.700000
42.330000	0.690000
42.460000	0.690000
42.580000	0.680000
42.710000	0.660000
42.840000	0.660000
42.960000	0.650000
43.090000	0.640000
43.210000	0.640000
43.340000	0.630000
43.460000	0.620000
43.580000	0.610000
43.710000	0.600000
43.830000	0.590000
43.960000	0.590000
44.080000	0.580000
44.200000	0.570000
44.340000	0.560000
44.480000	0.550000
44.610000	0.540000
44.740000	0.530000
44.880000	0.520000
45.000000	0.520000
45.130000	0.510000
45.260000	0.500000
45.380000	0.490000
45.510000	0.480000
45.640000	0.470000
45.760000	0.470000
45.890000	0.460000
46.020000	0.450000
46.160000	0.440000
46.290000	0.430000
46.420000	0.420000
46.550000	0.420000
46.680000	0.410000
46.800000	0.400000
46.930000	0.390000
47.060000	0.380000
47.190000	0.380000
47.310000	0.370000
47.440000	0.360000
47.570000	0.350000
47.690000	0.340000
47.820000	0.340000
47.940000	0.330000
48.070000	0.320000
48.190000	0.320000
48.310000	0.310000
48.440000	0.310000
48.560000	0.290000
48.700000	0.280000
48.830000	0.280000
48.950000	0.270000
49.080000	0.260000
49.200000	0.260000
49.320000	0.250000
49.450000	0.240000
49.570000	0.230000
49.700000	0.230000
49.820000	0.220000
49.950000	0.210000
50.070000	0.210000
50.190000	0.200000
50.320000	0.200000
50.440000	0.190000
50.560000	0.180000
50.680000	0.170000
50.810000	0.170000
50.930000	0.160000
51.050000	0.160000
51.170000	0.150000
51.300000	0.150000
51.420000	0.140000
51.540000	0.130000
51.670000	0.130000
51.780000	0.120000
51.910000	0.120000
52.030000	0.110000
52.160000	0.110000
52.280000	0.100000
52.400000	0.100000
52.520000	0.090000
52.650000	0.090000
52.770000	0.080000
52.890000	0.080000
53.010000	0.070000
53.140000	0.070000
53.250000	0.060000
53.380000	0.060000
53.500000	0.060000
53.620000	0.050000
53.750000	0.050000
53.870000	0.040000
53.990000	0.040000
54.110000	0.040000
54.230000	0.030000
54.350000	0.030000
54.470000	0.030000
54.590000	0.020000
54.720000	0.020000
54.830000	0.020000
54.950000	0.020000
55.080000	0.010000
55.200000	0.010000
55.320000	0.010000
55.440000	0.010000
55.560000	0.010000
55.680000	0.000000
55.800000	0.000000
55.920000	0.000000
56.040000	0.000000
56.160000	0.000000
56.280000	0.000000
56.400000	0.000000
56.520000	0.000000
56.630000	0.000000
56.760000	0.000000
56.870000	0.000000
56.990000	0.000000
57.110000	0.000000
57.230000	0.000000
57.350000	0.000000
57.470000	0.000000
57.590000	0.000000
57.700000	0.000000
57.820000	0.010000
57.950000	0.010000
58.060000	0.010000
58.180000	0.010000
58.300000	0.020000
58.430000	0.020000
58.550000	0.020000
58.660000	0.030000
58.790000	0.030000
58.910000	0.030000
59.020000	0.040000
59.150000	0.040000
59.270000	0.050000
59.390000	0.050000
59.510000	0.060000
59.630000	0.060000
59.750000	0.070000
59.870000	0.070000
59.990000	0.080000
60.120000	0.090000
60.240000	0.100000
60.370000	0.100000
60.490000	0.110000
60.610000	0.120000
60.730000	0.130000
60.860000	0.140000
60.990000	0.150000
61.120000	0.150000
61.240000	0.160000
61.370000	0.170000
61.500000	0.190000
61.630000	0.200000
61.760000	0.210000
61.890000	0.220000
62.020000	0.230000
62.150000	0.240000
62.280000	0.260000
62.430000	0.270000
62.550000	0.290000
62.700000	0.300000
62.850000	0.320000
62.970000	0.330000
63.120000	0.350000
63.250000	0.360000
63.380000	0.380000
63.520000	0.400000
63.640000	0.420000
63.780000	0.430000
63.900000	0.450000
64.030000	0.470000
64.160000	0.480000
64.280000	0.500000
64.400000	0.520000
64.520000	0.540000
64.650000	0.550000
64.790000	0.570000
64.930000	0.590000
65.060000	0.610000
65.200000	0.630000
65.350000	0.650000
65.480000	0.680000
65.620000	0.690000
65.760000	0.720000
65.900000	0.740000
66.050000	0.760000
66.190000	0.780000
66.330000	0.800000
66.470000	0.820000
66.650000	0.850000
66.780000	0.870000
66.910000	0.880000
67.050000	0.900000
67.180000	0.910000
67.320000	0.910000
67.440000	0.910000
67.570000	0.910000
67.690000	0.910000
67.810000	0.910000
67.940000	0.910000
68.060000	0.910000
68.180000	0.900000
68.310000	0.900000
68.430000	0.900000
68.550000	0.900000
68.670000	0.900000
68.790000	0.900000
68.910000	0.900000
69.030000	0.900000
69.150000	0.900000
69.270000	0.900000
69.390000	0.900000
69.510000	0.900000
69.620000	0.900000
69.740000	0.900000
69.860000	0.900000
69.980000	0.900000
70.100000	0.900000
70.220000	0.900000
70.340000	0.900000
70.460000	0.900000
70.580000	0.900000
70.700000	0.900000
70.820000	0.890000
70.950000	0.890000
71.060000	0.890000
71.190000	0.890000
71.300000	0.890000
71.420000	0.890000
71.540000	0.890000
71.660000	0.890000
71.780000	0.890000
71.900000	0.890000
72.020000	0.890000
72.140000	0.890000
72.260000	0.890000
72.380000	0.890000
72.510000	0.890000
72.630000	0.890000
72.750000	0.890000
72.870000	0.890000
72.990000	0.890000
73.110000	0.890000
73.230000	0.890000
73.340000	0.890000
73.460000	0.890000
73.580000	0.890000
73.700000	0.890000
73.820000	0.890000
73.940000	0.890000
74.060000	0.890000
74.180000	0.890000
74.300000	0.890000
74.420000	0.890000
74.540000	0.890000
74.660000	0.890000
74.780000	0.890000
74.910000	0.890000
75.030000	0.890000
75.150000	0.890000
75.270000	0.890000
75.390000	0.890000
75.510000	0.890000
75.620000	0.890000
75.740000	0.890000
75.860000	0.890000
75.980000	0.890000
76.110000	0.880000
76.240000	0.880000
76.360000	0.880000
76.490000	0.880000
76.610000	0.880000
76.740000	0.880000
76.870000	0.880000
76.990000	0.880000
77.110000	0.880000
77.230000	0.880000
77.350000	0.880000
77.470000	0.880000
77.590000	0.880000
77.710000	0.880000
77.830000	0.880000
77.950000	0.880000
78.070000	0.880000
78.190000	0.880000
78.310000	0.880000
78.430000	0.880000
78.550000	0.880000
78.670000	0.880000
78.790000	0.880000
78.910000	0.880000
79.030000	0.880000
79.150000	0.880000
79.270000	0.880000
79.390000	0.880000
79.510000	0.880000
79.630000	0.880000
79.750000	0.880000
79.870000	0.880000
79.990000	0.880000
80.120000	0.880000
80.240000	0.880000
80.360000	0.880000
80.490000	0.880000
80.610000	0.880000
80.730000	0.880000
80.850000	0.880000
80.970000	0.880000
81.090000	0.880000
81.210000	0.880000
81.330000	0.880000
81.450000	0.880000
81.570000	0.880000
81.690000	0.880000
81.810000	0.880000
81.930000	0.880000
82.060000	0.880000
82.180000	0.880000
82.300000	0.880000
82.420000	0.880000
82.530000	0.880000
82.660000	0.880000
82.770000	0.880000
82.910000	0.880000
83.040000	0.880000
83.160000	0.880000
83.280000	0.880000
83.410000	0.880000
83.520000	0.880000
83.640000	0.880000
83.760000	0.880000
83.880000	0.880000
84.000000	0.880000
84.120000	0.880000
84.240000	0.880000
84.360000	0.880000
84.480000	0.880000
84.600000	0.880000
84.720000	0.880000
84.840000	0.880000
84.960000	0.880000
85.080000	0.880000
85.200000	0.870000
85.330000	0.880000
85.450000	0.880000
85.570000	0.880000
85.690000	0.880000
85.820000	0.880000
85.940000	0.880000
86.060000	0.880000
86.190000	0.880000
86.310000	0.880000
86.440000	0.880000
86.560000	0.890000
86.680000	0.890000
86.810000	0.700000
86.930000	0.350000
87.060000	0.230000
87.190000	0.220000
87.320000	0.260000
87.440000	0.310000
87.560000	0.370000
87.690000	0.400000
87.810000	0.370000
87.930000	0.310000
88.060000	0.240000
88.180000	0.170000
88.300000	0.100000
88.420000	0.060000
88.550000	0.060000
88.670000	0.060000
88.780000	0.060000
88.910000	0.060000
89.020000	0.060000
89.140000	0.060000
89.260000	0.060000
89.380000	0.060000
89.500000	0.060000
89.620000	0.050000
