30.070000	0.460938
30.200000	0.458008
30.320000	0.455078
30.440000	0.455078
30.560000	0.452148
30.680000	0.450195
30.800000	0.448242
30.920000	0.445313
31.040000	0.442383
31.160000	0.440430
31.280000	0.438477
31.400000	0.435547
31.520000	0.435547
31.640000	0.432617
31.760000	0.430664
31.880000	0.427734
32.000000	0.425781
32.110000	0.426758
32.230000	0.423828
32.350000	0.419922
32.470000	0.417969
32.590000	0.416016
32.710000	0.414063
32.830000	0.412109
32.950000	0.410156
33.070000	0.408203
33.190000	0.402344
33.310000	0.402344
33.430000	0.396484
33.550000	0.395508
33.670000	0.393555
33.790000	0.391602
33.910000	0.388672
34.030000	0.385742
34.150000	0.384766
34.270000	0.382812
34.390000	0.379883
34.510000	0.378906
34.630000	0.375977
34.750000	0.373047
34.870000	0.372070
34.990000	0.369141
35.110000	0.367188
35.220000	0.367188
35.340000	0.366211
35.460000	0.364258
35.580000	0.362305
35.700000	0.359375
35.820000	0.358398
35.940000	0.355469
36.060000	0.352539
36.180000	0.350586
36.300000	0.347656
36.420000	0.346680
36.540000	0.347656
36.650000	0.337891
36.770000	0.335938
36.890000	0.333984
37.020000	0.334961
37.140000	0.332031
37.260000	0.331055
37.370000	0.324219
37.500000	0.325195
37.620000	0.323242
37.740000	0.321289
37.860000	0.317383
37.980000	0.315430
38.090000	0.309570
38.220000	0.310547
38.330000	0.305664
38.450000	0.304688
38.570000	0.300781
38.690000	0.298828
38.810000	0.295898
38.930000	0.294922
39.050000	0.291992
39.170000	0.290039
39.290000	0.287109
39.410000	0.286133
39.530000	0.284180
39.650000	0.281250
39.770000	0.278320
39.890000	0.278320
40.010000	0.274414
40.130000	0.272461
40.250000	0.269531
40.370000	0.267578
40.490000	0.265625
40.610000	0.262695
40.730000	0.260742
40.850000	0.257813
40.970000	0.255859
41.090000	0.253906
41.210000	0.250977
41.330000	0.249023
41.450000	0.247070
41.570000	0.244141
41.690000	0.242188
41.810000	0.239258
41.930000	0.237305
42.050000	0.235352
42.170000	0.232422
42.290000	0.230469
42.410000	0.228516
42.530000	0.225586
42.650000	0.222656
42.770000	0.220703
42.890000	0.218750
43.010000	0.216797
43.130000	0.214844
43.250000	0.211914
43.370000	0.209961
43.490000	0.208008
43.610000	0.206055
43.730000	0.203125
43.850000	0.201172
43.970000	0.199219
44.090000	0.196289
44.210000	0.194336
44.330000	0.192383
44.440000	0.191406
44.560000	0.188477
44.680000	0.186523
44.800000	0.185547
44.920000	0.182617
45.040000	0.180664
45.160000	0.177734
45.280000	0.175781
45.400000	0.173828
45.520000	0.170898
45.640000	0.168945
45.760000	0.166992
45.880000	0.165039
46.000000	0.163086
46.120000	0.162109
46.240000	0.159180
46.360000	0.156250
46.480000	0.155273
46.590000	0.152344
46.720000	0.151367
46.830000	0.147461
46.950000	0.145508
47.070000	0.144531
47.190000	0.141602
47.310000	0.139648
47.430000	0.137695
47.550000	0.139648
47.670000	0.134766
47.790000	0.131836
47.910000	0.129883
48.030000	0.127930
48.150000	0.125977
48.270000	0.124023
48.400000	0.122070
48.510000	0.120117
48.630000	0.118164
48.750000	0.117188
48.870000	0.115234
48.990000	0.114258
49.110000	0.111328
49.230000	0.109375
49.350000	0.108398
49.470000	0.107422
49.590000	0.105469
49.710000	0.103516
49.830000	0.101563
49.950000	0.100586
50.070000	0.099609
50.190000	0.096680
50.310000	0.095703
50.430000	0.093750
50.550000	0.092773
50.670000	0.090820
50.790000	0.088867
50.900000	0.087891
51.020000	0.086914
51.140000	0.085937
51.270000	0.083984
51.390000	0.082031
51.510000	0.081055
51.630000	0.080078
51.750000	0.078125
51.870000	0.078125
51.990000	0.077148
52.110000	0.075195
52.230000	0.074219
52.350000	0.073242
52.470000	0.072266
52.590000	0.070313
52.710000	0.069336
52.830000	0.068359
52.950000	0.067383
53.070000	0.067383
53.190000	0.066406
53.310000	0.066406
53.430000	0.064453
53.550000	0.064453
53.670000	0.063477
53.790000	0.063477
53.910000	0.062500
54.030000	0.061523
54.150000	0.061523
54.270000	0.060547
54.390000	0.060547
54.500000	0.060547
54.620000	0.059570
54.740000	0.060547
54.860000	0.059570
54.980000	0.059570
55.100000	0.059570
55.220000	0.059570
55.340000	0.060547
55.460000	0.059570
55.570000	0.059570
55.690000	0.060547
55.810000	0.060547
55.930000	0.060547
56.050000	0.060547
56.160000	0.060547
56.280000	0.062500
56.400000	0.063477
56.520000	0.063477
56.640000	0.064453
56.760000	0.065430
56.880000	0.065430
57.000000	0.067383
57.120000	0.067383
57.240000	0.069336
57.360000	0.070313
57.480000	0.071289
57.600000	0.072266
57.720000	0.074219
57.840000	0.075195
57.960000	0.077148
58.080000	0.078125
58.200000	0.080078
58.320000	0.082031
58.450000	0.083984
58.570000	0.085937
58.690000	0.088867
58.810000	0.090820
58.930000	0.092773
59.050000	0.095703
59.170000	0.098633
59.290000	0.100586
59.410000	0.103516
59.530000	0.107422
59.650000	0.109375
59.770000	0.112305
59.890000	0.116211
60.000000	0.118164
60.120000	0.123047
60.230000	0.125000
60.350000	0.127930
60.470000	0.130859
60.590000	0.135742
60.710000	0.139648
60.830000	0.142578
60.950000	0.147461
61.070000	0.153320
61.190000	0.157227
61.310000	0.161133
61.430000	0.166016
61.550000	0.171875
61.670000	0.176758
61.800000	0.180664
61.920000	0.185547
62.040000	0.190430
62.160000	0.196289
62.280000	0.201172
62.400000	0.207031
62.520000	0.212891
62.640000	0.218750
62.760000	0.224609
62.880000	0.230469
63.000000	0.236328
63.120000	0.246094
63.240000	0.252930
63.360000	0.258789
63.480000	0.265625
63.600000	0.274414
63.720000	0.281250
63.850000	0.287109
63.970000	0.294922
64.090000	0.302734
64.210000	0.309570
64.330000	0.317383
64.450000	0.327148
64.570000	0.333984
64.690000	0.342773
64.810000	0.351563
64.930000	0.360352
65.050000	0.368164
65.170000	0.381836
65.290000	0.391602
65.410000	0.401367
65.530000	0.411133
65.660000	0.419922
65.780000	0.429688
65.900000	0.440430
66.020000	0.451172
66.140000	0.461914
66.260000	0.472656
66.380000	0.482422
66.500000	0.495117
66.620000	0.505859
66.740000	0.516602
66.860000	0.529297
66.980000	0.547852
67.100000	0.560547
67.220000	0.573242
67.340000	0.585937
67.460000	0.598633
67.590000	0.609375
67.710000	0.623047
67.830000	0.635742
67.940000	0.654297
68.060000	0.668945
68.190000	0.678711
68.310000	0.693359
68.430000	0.708984
68.550000	0.724609
68.670000	0.740234
68.790000	0.755859
68.910000	0.771484
69.030000	0.788086
69.150000	0.804687
69.270000	0.821289
69.390000	0.836914
69.510000	0.854492
69.630000	0.870117
69.750000	0.884766
69.870000	0.900391
69.990000	0.913086
70.110000	0.924805
70.230000	0.932617
70.350000	0.937500
70.480000	0.934570
70.600000	0.933594
70.710000	0.932617
70.830000	0.930664
70.950000	0.929687
71.070000	0.928711
71.190000	0.928711
71.310000	0.927734
71.430000	0.926758
71.550000	0.925781
71.670000	0.924805
71.790000	0.924805
71.900000	0.923828
72.020000	0.923828
72.140000	0.922852
72.260000	0.923828
72.370000	0.921875
72.490000	0.921875
72.610000	0.920898
72.730000	0.920898
72.850000	0.920898
72.960000	0.920898
73.080000	0.919922
73.200000	0.919922
73.320000	0.918945
73.440000	0.918945
73.560000	0.916992
73.680000	0.916992
73.790000	0.917969
73.910000	0.916992
74.030000	0.916992
74.150000	0.916016
74.270000	0.916016
74.380000	0.916016
74.500000	0.915039
74.620000	0.916016
74.740000	0.916016
74.850000	0.914062
74.980000	0.914062
75.090000	0.914062
75.210000	0.914062
75.330000	0.914062
75.440000	0.914062
75.560000	0.914062
75.680000	0.914062
75.800000	0.914062
75.910000	0.914062
76.030000	0.914062
76.150000	0.914062
76.260000	0.915039
76.390000	0.913086
76.510000	0.915039
76.630000	0.915039
76.740000	0.916016
76.860000	0.916016
76.980000	0.915039
77.100000	0.916016
77.220000	0.916016
77.330000	0.916992
77.450000	0.915039
77.570000	0.915039
77.680000	0.916016
77.800000	0.915039
77.920000	0.916016
78.040000	0.915039
78.150000	0.915039
78.270000	0.915039
78.390000	0.915039
78.510000	0.914062
78.630000	0.914062
78.740000	0.914062
78.860000	0.913086
78.980000	0.913086
79.100000	0.913086
79.210000	0.913086
79.330000	0.912109
79.450000	0.912109
79.570000	0.911133
79.680000	0.911133
79.800000	0.912109
79.920000	0.911133
80.040000	0.910156
80.160000	0.910156
80.280000	0.909180
80.390000	0.910156
80.510000	0.908203
80.630000	0.910156
80.740000	0.909180
80.860000	0.908203
80.980000	0.908203
81.100000	0.909180
81.210000	0.908203
81.330000	0.907227
81.450000	0.908203
81.570000	0.907227
81.690000	0.907227
81.810000	0.906250
81.930000	0.906250
82.040000	0.906250
82.160000	0.906250
82.280000	0.905273
82.400000	0.906250
82.520000	0.905273
82.640000	0.905273
82.750000	0.904297
82.880000	0.905273
83.000000	0.905273
83.110000	0.904297
83.230000	0.903320
83.350000	0.903320
83.470000	0.904297
83.590000	0.903320
83.710000	0.904297
83.820000	0.903320
83.940000	0.903320
84.060000	0.903320
84.180000	0.902344
84.290000	0.902344
84.410000	0.902344
84.520000	0.902344
84.640000	0.902344
84.760000	0.901367
84.880000	0.901367
84.990000	0.901367
85.110000	0.901367
85.230000	0.900391
85.350000	0.900391
85.470000	0.900391
85.580000	0.900391
85.700000	0.901367
85.820000	0.900391
85.940000	0.900391
86.060000	0.900391
86.170000	0.900391
86.290000	0.900391
86.410000	0.900391
86.530000	0.900391
86.640000	0.899414
86.760000	0.900391
86.880000	0.899414
87.000000	0.899414
87.110000	0.899414
87.230000	0.899414
87.350000	0.899414
87.460000	0.900391
87.580000	0.899414
87.700000	0.898437
87.820000	0.898437
87.940000	0.898437
88.050000	0.898437
88.170000	0.898437
88.290000	0.898437
88.410000	0.899414
88.530000	0.899414
88.640000	0.899414
88.760000	0.899414
88.880000	0.899414
89.000000	0.897461
89.120000	0.896484
89.230000	0.896484
89.350000	0.896484
89.470000	0.896484
89.590000	0.896484
