30.070000	0.908203
30.200000	0.905273
30.320000	0.906250
30.440000	0.905273
30.560000	0.906250
30.680000	0.906250
30.790000	0.906250
30.910000	0.906250
31.030000	0.906250
31.150000	0.905273
31.270000	0.905273
31.380000	0.906250
31.500000	0.906250
31.620000	0.907227
31.740000	0.906250
31.860000	0.906250
31.970000	0.906250
32.090000	0.907227
32.210000	0.907227
32.320000	0.907227
32.440000	0.907227
32.560000	0.907227
32.680000	0.906250
32.790000	0.908203
32.910000	0.907227
33.030000	0.907227
33.150000	0.907227
33.270000	0.907227
33.390000	0.906250
33.500000	0.908203
33.620000	0.908203
33.740000	0.906250
33.860000	0.907227
33.980000	0.907227
34.100000	0.907227
34.210000	0.907227
34.330000	0.908203
34.450000	0.908203
34.570000	0.908203
34.680000	0.907227
34.800000	0.908203
34.920000	0.907227
35.040000	0.908203
35.160000	0.908203
35.280000	0.908203
35.400000	0.909180
35.520000	0.908203
35.630000	0.908203
35.750000	0.908203
35.870000	0.908203
35.990000	0.907227
36.110000	0.908203
36.230000	0.908203
36.340000	0.909180
36.460000	0.908203
36.580000	0.908203
36.700000	0.909180
36.810000	0.909180
36.930000	0.908203
37.050000	0.909180
37.170000	0.908203
37.290000	0.907227
37.410000	0.908203
37.530000	0.909180
37.640000	0.909180
37.760000	0.909180
37.880000	0.910156
38.000000	0.910156
38.110000	0.910156
38.230000	0.910156
38.350000	0.910156
38.470000	0.911133
38.590000	0.911133
38.700000	0.910156
38.820000	0.910156
38.940000	0.909180
39.060000	0.909180
39.180000	0.909180
39.290000	0.911133
39.410000	0.910156
39.530000	0.911133
39.650000	0.911133
39.770000	0.911133
39.890000	0.910156
40.010000	0.911133
40.130000	0.911133
40.240000	0.911133
40.360000	0.912109
40.480000	0.911133
40.600000	0.911133
40.710000	0.912109
40.830000	0.911133
40.950000	0.911133
41.070000	0.912109
41.190000	0.913086
41.310000	0.913086
41.420000	0.913086
41.540000	0.913086
41.660000	0.912109
41.780000	0.913086
41.900000	0.913086
42.020000	0.912109
42.140000	0.914062
42.250000	0.913086
42.370000	0.914062
42.490000	0.913086
42.610000	0.914062
42.730000	0.913086
42.840000	0.914062
42.960000	0.914062
43.080000	0.913086
43.190000	0.914062
43.310000	0.915039
43.430000	0.915039
43.550000	0.915039
43.670000	0.915039
43.790000	0.915039
43.910000	0.915039
44.020000	0.916016
44.140000	0.912109
44.260000	0.915039
44.380000	0.916016
44.500000	0.915039
44.620000	0.916016
44.740000	0.916016
44.850000	0.916016
44.970000	0.916992
45.090000	0.916992
45.210000	0.916992
45.320000	0.916992
45.440000	0.917969
45.560000	0.917969
45.680000	0.917969
45.790000	0.917969
45.910000	0.918945
46.030000	0.918945
46.140000	0.919922
46.260000	0.918945
46.380000	0.919922
46.500000	0.920898
46.620000	0.920898
46.740000	0.920898
46.850000	0.921875
46.970000	0.921875
47.090000	0.922852
47.210000	0.922852
47.330000	0.921875
47.450000	0.921875
47.560000	0.923828
47.680000	0.924805
47.800000	0.925781
47.920000	0.925781
48.040000	0.926758
48.160000	0.927734
48.280000	0.927734
48.400000	0.928711
48.510000	0.929687
48.630000	0.931641
48.750000	0.932617
48.870000	0.935547
48.990000	0.939453
49.110000	0.936523
49.230000	0.923828
49.360000	0.910156
49.480000	0.895508
49.600000	0.882812
49.720000	0.868164
49.840000	0.854492
49.960000	0.839844
50.080000	0.823242
50.200000	0.810547
50.320000	0.795898
50.440000	0.782227
50.560000	0.763672
50.680000	0.749023
50.800000	0.735352
50.920000	0.719727
51.040000	0.705078
51.160000	0.691406
51.280000	0.677734
51.410000	0.664062
51.530000	0.649414
51.650000	0.635742
51.770000	0.622070
51.890000	0.607422
52.010000	0.592773
52.130000	0.580078
52.250000	0.565430
52.370000	0.553711
52.490000	0.539062
52.610000	0.527344
52.730000	0.512695
52.850000	0.500000
52.970000	0.485352
53.090000	0.471680
53.210000	0.458984
53.340000	0.442383
53.460000	0.430664
53.580000	0.416016
53.700000	0.404297
53.820000	0.390625
53.940000	0.378906
54.060000	0.367188
54.180000	0.355469
54.300000	0.342773
54.420000	0.332031
54.540000	0.320313
54.660000	0.312500
54.780000	0.300781
54.900000	0.289062
55.020000	0.277344
55.140000	0.267578
55.270000	0.253906
55.390000	0.243164
55.510000	0.233398
55.630000	0.223633
55.750000	0.212891
55.870000	0.203125
55.990000	0.194336
56.110000	0.184570
56.230000	0.175781
56.350000	0.167969
56.470000	0.160156
56.590000	0.151367
56.710000	0.143555
56.830000	0.133789
56.950000	0.126953
57.070000	0.120117
57.200000	0.111328
57.320000	0.103516
57.440000	0.096680
57.560000	0.090820
57.680000	0.083984
57.800000	0.079102
57.920000	0.072266
58.040000	0.066406
58.160000	0.063477
58.280000	0.057617
58.400000	0.052734
58.530000	0.047852
58.650000	0.043945
58.770000	0.040039
58.890000	0.037109
59.010000	0.033203
59.130000	0.031250
59.250000	0.029297
59.370000	0.025391
59.490000	0.024414
59.610000	0.022461
59.740000	0.020508
59.860000	0.020508
59.970000	0.019531
60.100000	0.019531
60.210000	0.020508
60.330000	0.020508
60.450000	0.021484
60.570000	0.023437
60.690000	0.025391
60.810000	0.028320
60.930000	0.030273
61.050000	0.033203
61.180000	0.036133
61.300000	0.040039
61.420000	0.044922
61.540000	0.049805
61.660000	0.054688
61.780000	0.061523
61.900000	0.066406
62.020000	0.073242
62.140000	0.080078
62.260000	0.087891
62.380000	0.095703
62.500000	0.104492
62.620000	0.113281
62.740000	0.123047
62.870000	0.134766
62.990000	0.146484
63.110000	0.156250
63.230000	0.168945
63.350000	0.181641
63.470000	0.194336
63.590000	0.207031
63.710000	0.220703
63.830000	0.235352
63.950000	0.250000
64.080000	0.269531
64.200000	0.286133
64.320000	0.303711
64.440000	0.322266
64.560000	0.340820
64.680000	0.360352
64.800000	0.379883
64.920000	0.401367
65.040000	0.422852
65.160000	0.446289
65.280000	0.467773
65.400000	0.488281
65.520000	0.512695
65.640000	0.537109
65.760000	0.563477
65.880000	0.589844
66.000000	0.617187
66.130000	0.650391
66.250000	0.680664
66.370000	0.708984
66.490000	0.740234
66.610000	0.769531
66.730000	0.800781
66.850000	0.833008
66.970000	0.865234
67.090000	0.896484
67.210000	0.927734
67.330000	0.938477
67.450000	0.931641
67.570000	0.927734
67.690000	0.925781
67.810000	0.923828
67.930000	0.922852
68.050000	0.922852
68.170000	0.921875
68.290000	0.920898
68.410000	0.919922
68.530000	0.918945
68.650000	0.917969
68.770000	0.917969
68.880000	0.916992
69.000000	0.916992
69.120000	0.915039
69.240000	0.916016
69.360000	0.914062
69.480000	0.914062
69.600000	0.912109
69.720000	0.912109
69.830000	0.913086
69.950000	0.912109
70.070000	0.912109
70.190000	0.911133
70.310000	0.910156
70.430000	0.910156
70.550000	0.909180
70.660000	0.910156
70.780000	0.910156
70.900000	0.909180
71.020000	0.909180
71.130000	0.908203
71.250000	0.908203
71.370000	0.908203
71.490000	0.907227
71.610000	0.907227
71.720000	0.907227
71.840000	0.906250
71.960000	0.906250
72.080000	0.906250
72.190000	0.906250
72.310000	0.906250
72.430000	0.906250
72.550000	0.904297
72.670000	0.905273
72.790000	0.905273
72.910000	0.904297
73.030000	0.904297
73.140000	0.904297
73.260000	0.904297
73.380000	0.904297
73.490000	0.904297
73.610000	0.903320
73.730000	0.903320
73.850000	0.904297
73.960000	0.903320
74.080000	0.902344
74.200000	0.903320
74.320000	0.901367
74.440000	0.902344
74.560000	0.901367
74.670000	0.902344
74.790000	0.902344
74.910000	0.901367
75.030000	0.901367
75.150000	0.901367
75.260000	0.901367
75.380000	0.901367
75.500000	0.900391
75.620000	0.900391
75.740000	0.900391
75.850000	0.900391
75.970000	0.900391
76.090000	0.899414
76.210000	0.900391
76.320000	0.900391
76.440000	0.899414
76.560000	0.900391
76.680000	0.898437
76.800000	0.899414
76.920000	0.898437
77.040000	0.899414
77.160000	0.898437
77.270000	0.898437
77.390000	0.898437
77.510000	0.898437
77.630000	0.898437
77.750000	0.897461
77.860000	0.897461
77.980000	0.898437
78.100000	0.897461
78.220000	0.897461
78.330000	0.897461
78.450000	0.897461
78.570000	0.896484
78.690000	0.896484
78.800000	0.897461
78.920000	0.897461
79.040000	0.896484
79.160000	0.896484
79.280000	0.895508
79.400000	0.895508
79.510000	0.896484
79.630000	0.896484
79.750000	0.895508
79.870000	0.896484
79.990000	0.895508
80.110000	0.895508
80.230000	0.896484
80.350000	0.895508
80.470000	0.895508
80.590000	0.894531
80.710000	0.895508
80.830000	0.895508
80.950000	0.896484
81.070000	0.894531
81.190000	0.894531
81.300000	0.894531
81.420000	0.894531
81.540000	0.895508
81.660000	0.894531
81.780000	0.894531
81.900000	0.894531
82.020000	0.893555
82.140000	0.893555
82.250000	0.894531
82.370000	0.893555
82.490000	0.894531
82.610000	0.894531
82.730000	0.893555
82.850000	0.893555
82.970000	0.893555
83.090000	0.893555
83.200000	0.893555
83.320000	0.893555
83.440000	0.892578
83.560000	0.892578
83.670000	0.892578
83.790000	0.892578
83.910000	0.893555
84.030000	0.892578
84.140000	0.892578
84.260000	0.891602
84.380000	0.892578
84.500000	0.892578
84.620000	0.892578
84.740000	0.892578
84.850000	0.892578
84.970000	0.892578
85.090000	0.891602
85.210000	0.891602
85.330000	0.890625
85.440000	0.892578
85.560000	0.892578
85.680000	0.891602
85.800000	0.891602
85.920000	0.892578
86.040000	0.895508
86.160000	0.897461
86.280000	0.903320
86.400000	0.912109
86.520000	0.928711
86.640000	0.787109
86.760000	0.675781
86.880000	0.547852
87.000000	0.621094
87.120000	0.909180
87.240000	0.916016
87.370000	0.476563
87.490000	0.817383
87.610000	0.922852
87.730000	0.477539
87.850000	0.622070
87.970000	0.904297
88.090000	0.891602
88.210000	0.889648
88.330000	0.889648
88.450000	0.889648
88.560000	0.889648
88.680000	0.888672
88.800000	0.889648
88.920000	0.889648
89.040000	0.889648
89.160000	0.889648
89.270000	0.889648
89.390000	0.889648
89.510000	0.906250
