30.070000	0.633789
30.200000	0.634766
30.320000	0.631836
30.440000	0.630859
30.560000	0.627930
30.680000	0.625977
30.800000	0.621094
30.920000	0.616211
31.040000	0.612305
31.160000	0.611328
31.280000	0.607422
31.400000	0.601562
31.520000	0.599609
31.640000	0.597656
31.760000	0.593750
31.880000	0.588867
32.000000	0.585937
32.120000	0.583008
32.240000	0.579102
32.360000	0.570312
32.480000	0.565430
32.600000	0.565430
32.720000	0.561523
32.840000	0.557617
32.960000	0.553711
33.080000	0.550781
33.200000	0.544922
33.320000	0.541992
33.440000	0.539062
33.560000	0.536133
33.680000	0.531250
33.800000	0.527344
33.920000	0.522461
34.040000	0.516602
34.160000	0.510742
34.280000	0.504883
34.400000	0.499023
34.520000	0.492188
34.640000	0.481445
34.760000	0.477539
34.880000	0.468750
35.000000	0.460938
35.120000	0.454102
35.240000	0.448242
35.360000	0.445313
35.480000	0.444336
35.600000	0.441406
35.720000	0.438477
35.840000	0.435547
35.960000	0.433594
36.080000	0.427734
36.200000	0.424805
36.330000	0.417969
36.450000	0.416992
36.560000	0.416016
36.680000	0.409180
36.800000	0.409180
36.920000	0.407227
37.040000	0.402344
37.160000	0.397461
37.280000	0.394531
37.400000	0.390625
37.520000	0.384766
37.650000	0.384766
37.760000	0.383789
37.880000	0.377930
38.000000	0.376953
38.120000	0.374023
38.240000	0.368164
38.360000	0.364258
38.480000	0.362305
38.600000	0.358398
38.720000	0.352539
38.840000	0.348633
38.960000	0.345703
39.080000	0.341797
39.200000	0.335938
39.320000	0.333984
39.440000	0.329102
39.560000	0.325195
39.680000	0.323242
39.800000	0.318359
39.920000	0.313477
40.040000	0.311523
40.160000	0.307617
40.280000	0.302734
40.400000	0.300781
40.520000	0.293945
40.650000	0.295898
40.770000	0.292969
40.890000	0.290039
41.010000	0.286133
41.130000	0.281250
41.250000	0.279297
41.370000	0.274414
41.490000	0.270508
41.610000	0.268555
41.730000	0.264648
41.850000	0.260742
41.970000	0.257813
42.090000	0.252930
42.210000	0.247070
42.330000	0.245117
42.450000	0.241211
42.570000	0.237305
42.690000	0.234375
42.810000	0.231445
42.930000	0.226563
43.050000	0.223633
43.170000	0.220703
43.290000	0.217773
43.410000	0.213867
43.530000	0.210938
43.650000	0.208008
43.770000	0.205078
43.890000	0.202148
44.010000	0.197266
44.130000	0.195312
44.250000	0.191406
44.370000	0.187500
44.490000	0.185547
44.610000	0.182617
44.730000	0.178711
44.850000	0.176758
44.970000	0.172852
45.090000	0.168945
45.210000	0.166016
45.330000	0.163086
45.450000	0.159180
45.570000	0.156250
45.690000	0.153320
45.810000	0.150391
45.930000	0.146484
46.050000	0.144531
46.170000	0.141602
46.290000	0.137695
46.410000	0.134766
46.530000	0.131836
46.650000	0.128906
46.770000	0.126953
46.890000	0.123047
47.010000	0.120117
47.130000	0.117188
47.250000	0.113281
47.380000	0.111328
47.500000	0.109375
47.610000	0.105469
47.730000	0.102539
47.850000	0.100586
47.980000	0.098633
48.100000	0.095703
48.220000	0.091797
48.340000	0.089844
48.460000	0.086914
48.580000	0.084961
48.700000	0.082031
48.820000	0.079102
48.940000	0.077148
49.060000	0.074219
49.180000	0.072266
49.300000	0.068359
49.420000	0.066406
49.540000	0.064453
49.660000	0.061523
49.780000	0.060547
49.900000	0.057617
50.020000	0.055664
50.150000	0.053711
50.270000	0.051758
50.390000	0.048828
50.510000	0.046875
50.630000	0.044922
50.750000	0.043945
50.870000	0.041992
50.990000	0.040039
51.110000	0.039063
51.230000	0.037109
51.350000	0.036133
51.470000	0.033203
51.590000	0.032227
51.710000	0.030273
51.830000	0.028320
51.950000	0.030273
52.070000	0.025391
52.190000	0.025391
52.310000	0.023437
52.430000	0.022461
52.550000	0.021484
52.670000	0.020508
52.790000	0.019531
52.910000	0.018555
53.030000	0.018555
53.150000	0.017578
53.270000	0.016602
53.390000	0.015625
53.520000	0.015625
53.630000	0.014648
53.760000	0.014648
53.870000	0.014648
53.990000	0.014648
54.110000	0.014648
54.230000	0.013672
54.350000	0.014648
54.470000	0.014648
54.580000	0.014648
54.700000	0.015625
54.820000	0.015625
54.940000	0.015625
55.060000	0.016602
55.180000	0.017578
55.300000	0.018555
55.420000	0.018555
55.540000	0.020508
55.660000	0.022461
55.780000	0.022461
55.900000	0.024414
56.020000	0.025391
56.140000	0.026367
56.260000	0.029297
56.380000	0.030273
56.500000	0.032227
56.620000	0.034180
56.740000	0.036133
56.860000	0.039063
56.980000	0.040039
57.100000	0.042969
57.220000	0.045898
57.340000	0.047852
57.460000	0.051758
57.580000	0.054688
57.700000	0.057617
57.830000	0.061523
57.950000	0.064453
58.070000	0.067383
58.190000	0.072266
58.310000	0.076172
58.430000	0.080078
58.550000	0.083984
58.670000	0.087891
58.790000	0.092773
58.910000	0.097656
59.030000	0.100586
59.150000	0.106445
59.280000	0.112305
59.400000	0.118164
59.520000	0.124023
59.640000	0.128906
59.760000	0.135742
59.880000	0.141602
60.000000	0.147461
60.120000	0.152344
60.240000	0.158203
60.360000	0.164063
60.480000	0.172852
60.600000	0.179688
60.720000	0.188477
60.840000	0.195312
60.970000	0.205078
61.090000	0.211914
61.210000	0.219727
61.330000	0.227539
61.450000	0.237305
61.570000	0.249023
61.690000	0.257813
61.810000	0.268555
61.930000	0.278320
62.050000	0.287109
62.170000	0.293945
62.290000	0.301758
62.410000	0.313477
62.530000	0.325195
62.650000	0.335938
62.770000	0.349609
62.900000	0.363281
63.020000	0.371094
63.140000	0.383789
63.260000	0.395508
63.380000	0.409180
63.500000	0.423828
63.620000	0.438477
63.740000	0.453125
63.860000	0.464844
63.980000	0.481445
64.100000	0.493164
64.220000	0.508789
64.340000	0.522461
64.460000	0.539062
64.590000	0.556641
64.710000	0.571289
64.830000	0.589844
64.950000	0.604492
65.070000	0.624023
65.190000	0.638672
65.310000	0.655273
65.430000	0.672852
65.550000	0.690430
65.670000	0.711914
65.790000	0.729492
65.910000	0.750000
66.030000	0.766602
66.150000	0.785156
66.270000	0.804687
66.390000	0.823242
66.510000	0.843750
66.640000	0.862305
66.750000	0.879883
66.880000	0.894531
67.000000	0.907227
67.120000	0.917969
67.240000	0.928711
67.360000	0.934570
67.480000	0.938477
67.600000	0.937500
67.720000	0.936523
67.840000	0.936523
67.950000	0.934570
68.070000	0.933594
68.190000	0.932617
68.310000	0.931641
68.420000	0.931641
68.540000	0.930664
68.660000	0.930664
68.780000	0.928711
68.900000	0.928711
69.020000	0.927734
69.130000	0.928711
69.250000	0.927734
69.370000	0.925781
69.490000	0.925781
69.610000	0.924805
69.730000	0.924805
69.850000	0.923828
69.970000	0.922852
70.080000	0.924805
70.200000	0.924805
70.320000	0.923828
70.440000	0.921875
70.560000	0.920898
70.680000	0.922852
70.800000	0.921875
70.920000	0.921875
71.040000	0.920898
71.150000	0.920898
71.270000	0.919922
71.390000	0.920898
71.510000	0.920898
71.620000	0.919922
71.740000	0.918945
71.860000	0.918945
71.980000	0.918945
72.100000	0.917969
72.210000	0.918945
72.330000	0.917969
72.450000	0.917969
72.570000	0.916992
72.690000	0.916992
72.800000	0.916992
72.920000	0.916016
73.040000	0.916016
73.150000	0.916992
73.270000	0.916016
73.390000	0.916016
73.510000	0.916016
73.620000	0.916016
73.740000	0.915039
73.860000	0.915039
73.980000	0.913086
74.100000	0.913086
74.210000	0.914062
74.330000	0.914062
74.450000	0.915039
74.570000	0.913086
74.690000	0.914062
74.810000	0.913086
74.920000	0.913086
75.040000	0.912109
75.160000	0.913086
75.280000	0.912109
75.400000	0.913086
75.520000	0.913086
75.640000	0.912109
75.760000	0.912109
75.880000	0.911133
75.990000	0.911133
76.110000	0.911133
76.230000	0.911133
76.340000	0.911133
76.460000	0.911133
76.580000	0.910156
76.700000	0.910156
76.820000	0.909180
76.930000	0.910156
77.050000	0.910156
77.170000	0.910156
77.290000	0.909180
77.400000	0.909180
77.520000	0.909180
77.640000	0.909180
77.750000	0.909180
77.870000	0.910156
77.990000	0.910156
78.110000	0.909180
78.220000	0.910156
78.340000	0.911133
78.460000	0.911133
78.580000	0.912109
78.700000	0.912109
78.810000	0.913086
78.930000	0.912109
79.050000	0.913086
79.170000	0.913086
79.290000	0.914062
79.410000	0.914062
79.520000	0.913086
79.640000	0.913086
79.760000	0.914062
79.880000	0.912109
80.000000	0.912109
80.110000	0.913086
80.230000	0.913086
80.350000	0.912109
80.470000	0.912109
80.590000	0.913086
80.710000	0.911133
80.830000	0.911133
80.950000	0.910156
81.070000	0.911133
81.180000	0.911133
81.300000	0.911133
81.420000	0.910156
81.540000	0.910156
81.660000	0.909180
81.780000	0.908203
81.890000	0.910156
82.010000	0.909180
82.130000	0.909180
82.240000	0.910156
82.360000	0.909180
82.480000	0.908203
82.600000	0.908203
82.710000	0.909180
82.830000	0.908203
82.950000	0.908203
83.070000	0.906250
83.190000	0.906250
83.300000	0.907227
83.420000	0.907227
83.540000	0.907227
83.660000	0.907227
83.770000	0.906250
83.890000	0.906250
84.010000	0.907227
84.130000	0.906250
84.240000	0.905273
84.360000	0.905273
84.480000	0.914062
84.600000	0.905273
84.720000	0.905273
84.840000	0.904297
84.960000	0.904297
85.080000	0.905273
85.200000	0.905273
85.320000	0.904297
85.440000	0.904297
85.560000	0.904297
85.670000	0.903320
85.790000	0.903320
85.910000	0.903320
86.030000	0.902344
86.150000	0.902344
86.260000	0.904297
86.380000	0.903320
86.500000	0.904297
86.620000	0.902344
86.740000	0.902344
86.860000	0.903320
86.980000	0.902344
87.100000	0.903320
87.220000	0.903320
87.330000	0.904297
87.450000	0.905273
87.570000	0.906250
87.690000	0.908203
87.810000	0.901367
87.930000	0.898437
88.050000	0.897461
88.170000	0.899414
88.290000	0.898437
88.410000	0.899414
88.530000	0.898437
88.650000	0.898437
88.770000	0.898437
88.880000	0.897461
89.000000	0.898437
89.120000	0.899414
89.240000	0.722656
89.360000	0.166992
89.480000	0.046875
89.600000	0.232422
