30.070000	0.801758
30.190000	0.797852
30.300000	0.795898
30.410000	0.791016
30.520000	0.789062
30.640000	0.785156
30.750000	0.780273
30.860000	0.779297
30.970000	0.773437
31.090000	0.774414
31.200000	0.769531
31.310000	0.766602
31.420000	0.764648
31.540000	0.757812
31.650000	0.756836
31.760000	0.752930
31.870000	0.749023
31.980000	0.748047
32.100000	0.740234
32.210000	0.737305
32.320000	0.737305
32.430000	0.729492
32.550000	0.727539
32.660000	0.721680
32.770000	0.720703
32.880000	0.715820
32.990000	0.712891
33.110000	0.710937
33.220000	0.704102
33.330000	0.706055
33.450000	0.697266
33.560000	0.696289
33.670000	0.694336
33.780000	0.687500
33.890000	0.686523
34.010000	0.676758
34.120000	0.677734
34.230000	0.675781
34.340000	0.667969
34.460000	0.664062
34.570000	0.658203
34.680000	0.657227
34.790000	0.650391
34.900000	0.649414
35.020000	0.645508
35.130000	0.638672
35.240000	0.637695
35.350000	0.632812
35.470000	0.631836
35.580000	0.627930
35.690000	0.620117
35.800000	0.622070
35.910000	0.614258
36.030000	0.610352
36.140000	0.608398
36.250000	0.601562
36.360000	0.600586
36.480000	0.590820
36.590000	0.589844
36.700000	0.588867
36.810000	0.580078
36.920000	0.580078
37.040000	0.571289
37.150000	0.569336
37.260000	0.568359
37.370000	0.559570
37.490000	0.559570
37.600000	0.550781
37.710000	0.548828
37.820000	0.544922
37.930000	0.538086
38.040000	0.538086
38.160000	0.531250
38.270000	0.526367
38.380000	0.524414
38.490000	0.518555
38.600000	0.516602
38.720000	0.510742
38.830000	0.505859
38.940000	0.504883
39.050000	0.498047
39.170000	0.498047
39.280000	0.491211
39.390000	0.490234
39.500000	0.484375
39.620000	0.479492
39.730000	0.477539
39.840000	0.470703
39.950000	0.469727
40.060000	0.463867
40.180000	0.459961
40.290000	0.456055
40.400000	0.449219
40.510000	0.449219
40.630000	0.437500
40.740000	0.436523
40.850000	0.435547
40.960000	0.426758
41.070000	0.425781
41.190000	0.418945
41.300000	0.415039
41.410000	0.413086
41.520000	0.405273
41.640000	0.405273
41.750000	0.398437
41.860000	0.393555
41.970000	0.390625
42.080000	0.384766
42.200000	0.384766
42.310000	0.377930
42.420000	0.375977
42.530000	0.371094
42.650000	0.367188
42.760000	0.363281
42.870000	0.357422
42.980000	0.355469
43.100000	0.346680
43.210000	0.344727
43.320000	0.342773
43.430000	0.334961
43.540000	0.333984
43.660000	0.326172
43.770000	0.324219
43.880000	0.318359
44.000000	0.317383
44.110000	0.311523
44.220000	0.306641
44.330000	0.305664
44.440000	0.300781
44.560000	0.299805
44.670000	0.294922
44.780000	0.288086
44.890000	0.287109
45.000000	0.281250
45.120000	0.281250
45.230000	0.276367
45.340000	0.273438
45.450000	0.267578
45.570000	0.261719
45.680000	0.260742
45.790000	0.254883
45.900000	0.251953
46.020000	0.244141
46.130000	0.241211
46.240000	0.240234
46.350000	0.234375
46.460000	0.232422
46.580000	0.225586
46.690000	0.222656
46.800000	0.219727
46.910000	0.213867
47.030000	0.209961
47.140000	0.205078
47.250000	0.202148
47.360000	0.199219
47.470000	0.195312
47.590000	0.192383
47.700000	0.186523
47.810000	0.185547
47.920000	0.180664
48.040000	0.176758
48.150000	0.173828
48.260000	0.169922
48.370000	0.166016
48.480000	0.162109
48.600000	0.159180
48.710000	0.155273
48.820000	0.151367
48.930000	0.148438
49.050000	0.144531
49.160000	0.142578
49.270000	0.137695
49.380000	0.134766
49.500000	0.129883
49.610000	0.127930
49.720000	0.125000
49.830000	0.120117
49.940000	0.117188
50.060000	0.112305
50.170000	0.109375
50.280000	0.106445
50.390000	0.103516
50.510000	0.100586
50.620000	0.097656
50.730000	0.093750
50.840000	0.090820
50.960000	0.088867
51.070000	0.084961
51.180000	0.081055
51.290000	0.079102
51.400000	0.076172
51.520000	0.073242
51.630000	0.070313
51.740000	0.068359
51.850000	0.065430
51.970000	0.062500
52.080000	0.059570
52.190000	0.056641
52.300000	0.053711
52.420000	0.050781
52.530000	0.050781
52.640000	0.045898
52.750000	0.044922
52.870000	0.041992
52.980000	0.041016
53.090000	0.039063
53.200000	0.036133
53.310000	0.034180
53.430000	0.031250
53.540000	0.030273
53.650000	0.027344
53.760000	0.026367
53.870000	0.025391
53.990000	0.022461
54.100000	0.019531
54.210000	0.019531
54.330000	0.017578
54.440000	0.015625
54.550000	0.014648
54.660000	0.013672
54.770000	0.011719
54.890000	0.009766
55.000000	0.008789
55.110000	0.007813
55.220000	0.006836
55.340000	0.005859
55.450000	0.005859
55.560000	0.004883
55.670000	0.003906
55.780000	0.003906
55.900000	0.002930
56.010000	0.001953
56.120000	0.001953
56.230000	0.001953
56.350000	0.001953
56.460000	0.000977
56.570000	0.001953
56.680000	0.000977
56.790000	0.000000
56.910000	0.001953
57.020000	0.001953
57.130000	0.002930
57.240000	0.002930
57.360000	0.002930
57.470000	0.002930
57.580000	0.004883
57.690000	0.005859
57.810000	0.006836
57.920000	0.008789
58.030000	0.008789
58.140000	0.010742
58.250000	0.012695
58.370000	0.013672
58.480000	0.015625
58.590000	0.016602
58.700000	0.018555
58.810000	0.020508
58.930000	0.022461
59.040000	0.025391
59.150000	0.027344
59.260000	0.029297
59.380000	0.031250
59.490000	0.034180
59.600000	0.038086
59.710000	0.041016
59.830000	0.044922
59.940000	0.046875
60.050000	0.051758
60.160000	0.054688
60.270000	0.058594
60.390000	0.063477
60.500000	0.066406
60.610000	0.071289
60.720000	0.075195
60.840000	0.080078
60.950000	0.084961
61.060000	0.088867
61.170000	0.094727
61.280000	0.099609
61.400000	0.105469
61.510000	0.111328
61.620000	0.116211
61.730000	0.124023
61.840000	0.129883
61.960000	0.134766
62.070000	0.142578
62.180000	0.147461
62.290000	0.156250
62.410000	0.162109
62.520000	0.169922
62.630000	0.176758
62.740000	0.184570
62.860000	0.193359
62.970000	0.200195
63.080000	0.208008
63.190000	0.217773
63.310000	0.227539
63.420000	0.235352
63.530000	0.243164
63.640000	0.254883
63.750000	0.262695
63.870000	0.275391
63.980000	0.284180
64.090000	0.291992
64.200000	0.305664
64.320000	0.315430
64.430000	0.328125
64.540000	0.337891
64.650000	0.351563
64.760000	0.363281
64.880000	0.374023
64.990000	0.387695
65.100000	0.398437
65.210000	0.414063
65.320000	0.425781
65.440000	0.439453
65.550000	0.455078
65.660000	0.465820
65.770000	0.477539
65.880000	0.497070
65.990000	0.507812
66.110000	0.528320
66.220000	0.541016
66.330000	0.553711
66.440000	0.575195
66.550000	0.587891
66.670000	0.609375
66.780000	0.624023
66.890000	0.643555
67.000000	0.661133
67.110000	0.674805
67.230000	0.697266
67.340000	0.714844
67.450000	0.734375
67.560000	0.753906
67.680000	0.770508
67.790000	0.793945
67.900000	0.812500
68.010000	0.832031
68.130000	0.850586
68.240000	0.871094
68.350000	0.889648
68.460000	0.907227
68.570000	0.921875
68.690000	0.933594
68.800000	0.939453
68.910000	0.939453
69.020000	0.936523
69.140000	0.934570
69.250000	0.933594
69.360000	0.932617
69.470000	0.931641
69.590000	0.928711
69.700000	0.929687
69.810000	0.929687
69.920000	0.929687
70.030000	0.928711
70.150000	0.927734
70.260000	0.927734
70.370000	0.926758
70.480000	0.925781
70.590000	0.925781
70.710000	0.924805
70.820000	0.925781
70.930000	0.923828
71.040000	0.923828
71.160000	0.922852
71.270000	0.922852
71.380000	0.921875
71.490000	0.922852
71.610000	0.920898
71.720000	0.921875
71.830000	0.920898
71.940000	0.920898
72.060000	0.920898
72.170000	0.920898
72.280000	0.919922
72.390000	0.919922
72.500000	0.919922
72.620000	0.918945
72.730000	0.917969
72.840000	0.917969
72.950000	0.918945
73.070000	0.916992
73.180000	0.916992
73.290000	0.916992
73.400000	0.916016
73.520000	0.916992
73.630000	0.916016
73.740000	0.916016
73.850000	0.916016
73.970000	0.915039
74.080000	0.915039
74.190000	0.915039
74.300000	0.915039
74.410000	0.915039
74.530000	0.914062
74.640000	0.914062
74.750000	0.914062
74.860000	0.914062
74.970000	0.914062
75.090000	0.913086
75.200000	0.914062
75.310000	0.913086
75.420000	0.913086
75.540000	0.912109
75.650000	0.912109
75.760000	0.912109
75.870000	0.912109
75.990000	0.911133
76.100000	0.911133
76.210000	0.911133
76.320000	0.911133
76.440000	0.911133
76.550000	0.910156
76.660000	0.911133
76.770000	0.910156
76.880000	0.910156
77.000000	0.910156
77.110000	0.909180
77.220000	0.910156
77.330000	0.910156
77.440000	0.908203
77.560000	0.909180
77.670000	0.909180
77.780000	0.908203
77.890000	0.909180
78.010000	0.909180
78.120000	0.908203
78.230000	0.907227
78.340000	0.908203
78.450000	0.908203
78.570000	0.907227
78.680000	0.907227
78.790000	0.907227
78.900000	0.907227
79.020000	0.906250
79.130000	0.907227
79.240000	0.907227
79.350000	0.906250
79.460000	0.906250
79.580000	0.906250
79.690000	0.906250
79.800000	0.906250
79.910000	0.906250
80.020000	0.906250
80.140000	0.905273
80.250000	0.905273
80.360000	0.905273
80.470000	0.904297
80.580000	0.905273
80.700000	0.905273
80.810000	0.905273
80.920000	0.904297
81.030000	0.904297
81.150000	0.904297
81.260000	0.904297
81.370000	0.905273
81.480000	0.904297
81.600000	0.902344
81.710000	0.903320
81.820000	0.903320
81.930000	0.904297
82.040000	0.902344
82.160000	0.902344
82.270000	0.903320
82.380000	0.902344
82.490000	0.903320
82.600000	0.903320
82.720000	0.902344
82.830000	0.902344
82.940000	0.902344
83.050000	0.902344
83.170000	0.902344
83.280000	0.901367
83.390000	0.901367
83.500000	0.900391
83.620000	0.901367
83.730000	0.902344
83.840000	0.902344
83.950000	0.901367
84.060000	0.901367
84.180000	0.900391
84.290000	0.900391
84.400000	0.900391
84.510000	0.900391
84.620000	0.900391
84.740000	0.900391
84.850000	0.901367
84.960000	0.902344
85.070000	0.900391
85.190000	0.900391
85.300000	0.900391
85.410000	0.900391
85.520000	0.900391
85.630000	0.900391
85.750000	0.899414
85.860000	0.899414
85.970000	0.899414
86.080000	0.901367
86.200000	0.899414
86.310000	0.900391
86.420000	0.899414
86.530000	0.899414
86.650000	0.899414
86.760000	0.899414
86.870000	0.898437
86.980000	0.898437
87.100000	0.897461
87.210000	0.898437
87.320000	0.898437
87.430000	0.898437
87.550000	0.897461
87.660000	0.897461
87.770000	0.898437
87.880000	0.897461
87.990000	0.898437
88.110000	0.898437
88.220000	0.897461
88.330000	0.898437
88.440000	0.898437
88.550000	0.897461
88.670000	0.897461
88.780000	0.896484
88.890000	0.896484
89.000000	0.897461
89.120000	0.897461
89.230000	0.897461
89.340000	0.896484
89.450000	0.897461
89.560000	0.897461
