30.080000	0.893555
30.200000	0.892578
30.320000	0.892578
30.430000	0.891602
30.550000	0.892578
30.670000	0.891602
30.790000	0.891602
30.900000	0.891602
31.020000	0.894531
31.130000	0.893555
31.250000	0.893555
31.370000	0.892578
31.480000	0.894531
31.630000	0.893555
31.740000	0.893555
31.860000	0.891602
31.980000	0.893555
32.100000	0.893555
32.210000	0.893555
32.330000	0.893555
32.440000	0.893555
32.550000	0.893555
32.670000	0.893555
32.780000	0.894531
32.900000	0.894531
33.010000	0.894531
33.130000	0.894531
33.250000	0.894531
33.360000	0.894531
33.480000	0.892578
33.590000	0.894531
33.720000	0.892578
33.840000	0.895508
33.960000	0.894531
34.080000	0.892578
34.190000	0.895508
34.310000	0.895508
34.420000	0.896484
34.550000	0.896484
34.660000	0.896484
34.780000	0.895508
34.890000	0.896484
35.010000	0.896484
35.120000	0.896484
35.240000	0.897461
35.350000	0.896484
35.470000	0.897461
35.580000	0.896484
35.700000	0.897461
35.820000	0.897461
35.940000	0.898437
36.050000	0.897461
36.170000	0.898437
36.280000	0.898437
36.400000	0.899414
36.520000	0.899414
36.630000	0.898437
36.750000	0.899414
36.870000	0.899414
36.990000	0.899414
37.110000	0.899414
37.220000	0.900391
37.340000	0.901367
37.470000	0.900391
37.590000	0.901367
37.700000	0.902344
37.820000	0.902344
37.940000	0.902344
38.050000	0.902344
38.170000	0.902344
38.280000	0.902344
38.400000	0.904297
38.510000	0.903320
38.630000	0.904297
38.750000	0.905273
38.870000	0.904297
38.980000	0.906250
39.100000	0.907227
39.220000	0.908203
39.340000	0.908203
39.450000	0.909180
39.570000	0.910156
39.680000	0.912109
39.800000	0.914062
39.920000	0.917969
40.040000	0.916016
40.160000	0.909180
40.280000	0.902344
40.400000	0.894531
40.520000	0.887695
40.630000	0.879883
40.750000	0.872070
40.870000	0.865234
40.990000	0.857422
41.100000	0.848633
41.230000	0.841797
41.340000	0.833008
41.460000	0.824219
41.580000	0.818359
41.700000	0.809570
41.820000	0.800781
41.940000	0.793945
42.060000	0.791016
42.180000	0.776367
42.300000	0.767578
42.420000	0.759766
42.540000	0.750000
42.650000	0.742187
42.770000	0.733398
42.890000	0.724609
43.010000	0.717773
43.130000	0.704102
43.250000	0.697266
43.360000	0.693359
43.480000	0.682617
43.600000	0.672852
43.710000	0.665039
43.830000	0.659180
43.950000	0.651367
44.070000	0.643555
44.180000	0.631836
44.300000	0.626953
44.420000	0.615234
44.540000	0.607422
44.660000	0.600586
44.780000	0.596680
44.900000	0.589844
45.020000	0.582031
45.130000	0.574219
45.250000	0.563477
45.370000	0.554687
45.490000	0.548828
45.600000	0.542969
45.720000	0.532227
45.840000	0.523437
45.960000	0.515625
46.080000	0.507812
46.200000	0.499023
46.320000	0.491211
46.440000	0.484375
46.560000	0.478516
46.680000	0.470703
46.790000	0.458008
46.910000	0.450195
47.030000	0.446289
47.150000	0.437500
47.270000	0.428711
47.380000	0.418945
47.500000	0.410156
47.630000	0.402344
47.750000	0.396484
47.860000	0.389648
47.980000	0.381836
48.100000	0.372070
48.210000	0.366211
48.330000	0.358398
48.460000	0.351563
48.580000	0.342773
48.700000	0.333984
48.810000	0.329102
48.930000	0.321289
49.050000	0.311523
49.170000	0.305664
49.280000	0.296875
49.400000	0.291992
49.520000	0.287109
49.640000	0.279297
49.750000	0.271484
49.870000	0.264648
49.990000	0.256836
50.110000	0.250000
50.230000	0.242188
50.340000	0.237305
50.460000	0.230469
50.580000	0.221680
50.700000	0.215820
50.820000	0.209961
50.930000	0.204102
51.050000	0.196289
51.170000	0.189453
51.300000	0.183594
51.410000	0.177734
51.530000	0.172852
51.650000	0.166992
51.770000	0.161133
51.880000	0.154297
52.000000	0.148438
52.130000	0.143555
52.250000	0.138672
52.370000	0.133789
52.490000	0.125977
52.610000	0.120117
52.730000	0.115234
52.850000	0.111328
52.960000	0.106445
53.080000	0.102539
53.200000	0.096680
53.310000	0.092773
53.430000	0.086914
53.550000	0.083008
53.670000	0.078125
53.790000	0.075195
53.900000	0.071289
54.030000	0.065430
54.150000	0.062500
54.270000	0.058594
54.390000	0.056641
54.510000	0.052734
54.620000	0.048828
54.740000	0.045898
54.860000	0.042969
54.980000	0.039063
55.090000	0.038086
55.210000	0.034180
55.330000	0.032227
55.450000	0.029297
55.570000	0.027344
55.690000	0.025391
55.810000	0.024414
55.940000	0.021484
56.050000	0.019531
56.170000	0.018555
56.290000	0.017578
56.410000	0.016602
56.530000	0.015625
56.650000	0.014648
56.770000	0.015625
56.890000	0.014648
57.000000	0.014648
57.120000	0.013672
57.240000	0.015625
57.370000	0.015625
57.480000	0.015625
57.600000	0.016602
57.720000	0.018555
57.830000	0.019531
57.950000	0.021484
58.070000	0.022461
58.190000	0.025391
58.310000	0.027344
58.430000	0.030273
58.540000	0.033203
58.660000	0.035156
58.780000	0.039063
58.900000	0.041992
59.010000	0.044922
59.130000	0.048828
59.250000	0.052734
59.370000	0.056641
59.490000	0.061523
59.610000	0.065430
59.740000	0.071289
59.860000	0.077148
59.980000	0.082031
60.100000	0.088867
60.210000	0.094727
60.330000	0.101563
60.460000	0.109375
60.580000	0.116211
60.700000	0.125000
60.820000	0.132813
60.930000	0.139648
61.050000	0.148438
61.170000	0.158203
61.290000	0.166992
61.400000	0.177734
61.520000	0.185547
61.640000	0.196289
61.760000	0.207031
61.870000	0.218750
61.990000	0.229492
62.110000	0.241211
62.230000	0.253906
62.350000	0.266602
62.470000	0.279297
62.580000	0.291992
62.700000	0.307617
62.820000	0.322266
62.930000	0.333984
63.050000	0.349609
63.170000	0.365234
63.280000	0.383789
63.400000	0.399414
63.520000	0.411133
63.640000	0.429688
63.760000	0.446289
63.870000	0.465820
63.990000	0.486328
64.110000	0.505859
64.220000	0.519531
64.340000	0.541016
64.460000	0.564453
64.580000	0.586914
64.700000	0.608398
64.810000	0.627930
64.930000	0.647461
65.050000	0.670898
65.160000	0.697266
65.280000	0.722656
65.400000	0.744141
65.520000	0.768555
65.640000	0.794922
65.760000	0.821289
65.870000	0.844727
66.000000	0.875000
66.130000	0.901367
66.250000	0.916016
66.370000	0.910156
66.490000	0.906250
66.600000	0.905273
66.720000	0.903320
66.840000	0.901367
66.970000	0.901367
67.090000	0.899414
67.200000	0.899414
67.320000	0.897461
67.440000	0.897461
67.550000	0.896484
67.660000	0.895508
67.780000	0.895508
67.900000	0.894531
68.010000	0.893555
68.130000	0.893555
68.240000	0.893555
68.360000	0.893555
68.480000	0.892578
68.600000	0.891602
68.720000	0.891602
68.840000	0.892578
68.960000	0.890625
69.080000	0.889648
69.200000	0.890625
69.320000	0.889648
69.440000	0.888672
69.560000	0.888672
69.670000	0.888672
69.790000	0.887695
69.910000	0.886719
70.030000	0.887695
70.150000	0.887695
70.270000	0.885742
70.390000	0.886719
70.500000	0.886719
70.620000	0.886719
70.740000	0.885742
70.860000	0.885742
70.980000	0.885742
71.090000	0.885742
71.210000	0.884766
71.330000	0.884766
71.440000	0.884766
71.570000	0.884766
71.690000	0.884766
71.800000	0.882812
71.920000	0.883789
72.030000	0.882812
72.150000	0.882812
72.260000	0.883789
72.380000	0.882812
72.490000	0.883789
72.620000	0.882812
72.740000	0.882812
72.860000	0.881836
72.980000	0.881836
73.100000	0.881836
73.220000	0.880859
73.340000	0.880859
73.460000	0.880859
73.570000	0.880859
73.690000	0.880859
73.800000	0.880859
73.920000	0.880859
74.030000	0.880859
74.150000	0.879883
74.260000	0.879883
74.380000	0.880859
74.500000	0.879883
74.610000	0.879883
74.730000	0.879883
74.840000	0.879883
74.960000	0.879883
75.070000	0.878906
75.190000	0.877930
75.300000	0.878906
75.420000	0.877930
75.530000	0.878906
75.650000	0.877930
75.770000	0.877930
75.880000	0.877930
76.000000	0.877930
76.110000	0.877930
76.230000	0.877930
76.340000	0.876953
76.460000	0.877930
76.570000	0.876953
76.690000	0.877930
76.810000	0.876953
76.920000	0.876953
77.040000	0.876953
77.150000	0.874023
77.270000	0.876953
77.390000	0.875977
77.500000	0.875977
77.620000	0.875977
77.730000	0.875977
77.850000	0.875977
77.970000	0.875000
78.080000	0.875977
78.200000	0.875977
78.320000	0.875977
78.430000	0.875977
78.540000	0.875000
78.660000	0.875000
78.780000	0.875000
78.890000	0.875000
79.010000	0.875000
79.120000	0.875000
79.240000	0.875977
79.360000	0.875000
79.480000	0.874023
79.590000	0.875000
79.710000	0.875000
79.820000	0.875000
79.940000	0.874023
80.050000	0.874023
80.170000	0.874023
80.280000	0.874023
80.400000	0.874023
80.510000	0.873047
80.630000	0.874023
80.750000	0.874023
80.860000	0.874023
80.970000	0.873047
81.090000	0.873047
81.210000	0.873047
81.320000	0.874023
81.440000	0.873047
81.560000	0.873047
81.670000	0.873047
81.790000	0.873047
81.910000	0.872070
82.020000	0.873047
82.140000	0.872070
82.260000	0.872070
82.380000	0.872070
82.500000	0.872070
82.620000	0.871094
82.740000	0.871094
82.850000	0.871094
82.960000	0.871094
83.080000	0.871094
83.200000	0.872070
83.310000	0.871094
83.430000	0.872070
83.540000	0.872070
83.650000	0.871094
83.770000	0.871094
83.890000	0.872070
84.010000	0.871094
84.120000	0.871094
84.240000	0.871094
84.350000	0.871094
84.460000	0.871094
84.580000	0.871094
84.690000	0.871094
84.810000	0.870117
84.920000	0.871094
85.040000	0.870117
85.160000	0.871094
85.270000	0.871094
85.390000	0.870117
85.510000	0.870117
85.620000	0.870117
85.740000	0.870117
85.850000	0.870117
85.970000	0.870117
86.080000	0.870117
86.200000	0.867187
86.320000	0.870117
86.440000	0.871094
86.550000	0.870117
86.670000	0.869141
86.780000	0.870117
86.900000	0.869141
87.020000	0.868164
87.130000	0.869141
87.250000	0.869141
87.360000	0.869141
87.490000	0.869141
87.600000	0.870117
87.720000	0.868164
87.860000	0.869141
87.980000	0.866211
88.100000	0.868164
88.220000	0.868164
88.340000	0.868164
88.460000	0.869141
88.580000	0.868164
88.700000	0.868164
88.820000	0.869141
88.940000	0.868164
89.060000	0.868164
89.180000	0.868164
89.300000	0.868164
89.410000	0.867187
89.530000	0.868164
