30.070000	0.852539
30.200000	0.851562
30.320000	0.848633
30.440000	0.843750
30.570000	0.838867
30.690000	0.834961
30.810000	0.832031
30.930000	0.828125
31.050000	0.825195
31.170000	0.822266
31.290000	0.818359
31.410000	0.813477
31.530000	0.810547
31.650000	0.806641
31.770000	0.802734
31.890000	0.798828
32.010000	0.794922
32.130000	0.791016
32.250000	0.785156
32.370000	0.783203
32.490000	0.779297
32.610000	0.775391
32.730000	0.769531
32.850000	0.766602
32.970000	0.762695
33.100000	0.759766
33.220000	0.756836
33.330000	0.750000
33.460000	0.750000
33.570000	0.741211
33.700000	0.739258
33.820000	0.736328
33.940000	0.730469
34.060000	0.726562
34.180000	0.721680
34.300000	0.718750
34.420000	0.713867
34.540000	0.709961
34.660000	0.705078
34.780000	0.700195
34.900000	0.696289
35.020000	0.691406
35.140000	0.682617
35.260000	0.682617
35.380000	0.678711
35.500000	0.676758
35.620000	0.669922
35.740000	0.660156
35.860000	0.655273
35.980000	0.651367
36.110000	0.648437
36.230000	0.644531
36.350000	0.639648
36.470000	0.636719
36.590000	0.631836
36.710000	0.627930
36.830000	0.624023
36.950000	0.620117
37.070000	0.615234
37.190000	0.610352
37.310000	0.604492
37.430000	0.599609
37.550000	0.594727
37.670000	0.590820
37.790000	0.586914
37.910000	0.582031
38.040000	0.574219
38.160000	0.569336
38.280000	0.565430
38.400000	0.560547
38.520000	0.555664
38.640000	0.551758
38.760000	0.552734
38.880000	0.542969
39.000000	0.541992
39.120000	0.532227
39.240000	0.533203
39.360000	0.528320
39.480000	0.522461
39.600000	0.517578
39.720000	0.513672
39.850000	0.502930
39.970000	0.499023
40.080000	0.499023
40.200000	0.494141
40.320000	0.488281
40.440000	0.484375
40.560000	0.479492
40.680000	0.474609
40.800000	0.470703
40.930000	0.462891
41.050000	0.458008
41.170000	0.455078
41.290000	0.452148
41.410000	0.448242
41.530000	0.443359
41.650000	0.437500
41.770000	0.433594
41.890000	0.430664
42.010000	0.424805
42.130000	0.422852
42.250000	0.418945
42.370000	0.414063
42.490000	0.410156
42.610000	0.405273
42.730000	0.400391
42.860000	0.392578
42.980000	0.388672
43.100000	0.382812
43.220000	0.378906
43.340000	0.375977
43.460000	0.368164
43.580000	0.363281
43.700000	0.362305
43.820000	0.357422
43.940000	0.349609
44.060000	0.348633
44.180000	0.344727
44.300000	0.338867
44.420000	0.333984
44.540000	0.329102
44.660000	0.324219
44.790000	0.318359
44.910000	0.314453
45.030000	0.307617
45.150000	0.301758
45.270000	0.297852
45.390000	0.293945
45.510000	0.291016
45.630000	0.287109
45.750000	0.283203
45.870000	0.277344
45.990000	0.273438
46.110000	0.268555
46.230000	0.265625
46.350000	0.259766
46.480000	0.254883
46.600000	0.249023
46.720000	0.245117
46.840000	0.241211
46.960000	0.236328
47.080000	0.231445
47.200000	0.227539
47.320000	0.222656
47.440000	0.217773
47.560000	0.213867
47.680000	0.208984
47.800000	0.205078
47.920000	0.200195
48.040000	0.197266
48.160000	0.194336
48.280000	0.188477
48.400000	0.182617
48.520000	0.179688
48.640000	0.175781
48.760000	0.171875
48.890000	0.167969
49.010000	0.162109
49.130000	0.157227
49.250000	0.154297
49.370000	0.151367
49.490000	0.146484
49.610000	0.142578
49.730000	0.137695
49.850000	0.133789
49.970000	0.129883
50.090000	0.125977
50.210000	0.121094
50.330000	0.118164
50.450000	0.114258
50.570000	0.113281
50.690000	0.107422
50.810000	0.103516
50.930000	0.100586
51.050000	0.097656
51.170000	0.093750
51.300000	0.090820
51.420000	0.086914
51.540000	0.083008
51.660000	0.080078
51.780000	0.077148
51.900000	0.074219
52.020000	0.071289
52.140000	0.066406
52.260000	0.063477
52.380000	0.060547
52.500000	0.057617
52.630000	0.055664
52.750000	0.052734
52.870000	0.049805
52.990000	0.046875
53.110000	0.044922
53.230000	0.041992
53.350000	0.040039
53.470000	0.037109
53.590000	0.035156
53.710000	0.033203
53.840000	0.031250
53.960000	0.028320
54.080000	0.026367
54.200000	0.024414
54.320000	0.022461
54.440000	0.020508
54.560000	0.018555
54.680000	0.015625
54.800000	0.014648
54.920000	0.013672
55.050000	0.011719
55.170000	0.009766
55.290000	0.009766
55.410000	0.007813
55.530000	0.006836
55.650000	0.005859
55.770000	0.003906
55.890000	0.003906
56.010000	0.003906
56.130000	0.002930
56.250000	0.001953
56.370000	0.001953
56.490000	0.001953
56.600000	0.001953
56.720000	0.001953
56.840000	0.000977
56.960000	0.000977
57.080000	0.001953
57.200000	0.001953
57.320000	0.001953
57.440000	0.001953
57.550000	0.002930
57.670000	0.004883
57.790000	0.004883
57.910000	0.005859
58.030000	0.007813
58.150000	0.007813
58.270000	0.013672
58.390000	0.010742
58.520000	0.012695
58.640000	0.014648
58.760000	0.016602
58.880000	0.018555
59.000000	0.018555
59.120000	0.022461
59.240000	0.025391
59.360000	0.028320
59.480000	0.031250
59.600000	0.034180
59.720000	0.037109
59.840000	0.041016
59.960000	0.043945
60.090000	0.047852
60.210000	0.051758
60.330000	0.055664
60.450000	0.060547
60.570000	0.064453
60.690000	0.068359
60.810000	0.073242
60.930000	0.078125
61.050000	0.083008
61.170000	0.088867
61.300000	0.093750
61.420000	0.099609
61.540000	0.105469
61.660000	0.111328
61.780000	0.117188
61.900000	0.123047
62.020000	0.129883
62.140000	0.138672
62.260000	0.146484
62.380000	0.153320
62.500000	0.162109
62.630000	0.167969
62.750000	0.175781
62.870000	0.183594
62.990000	0.192383
63.110000	0.201172
63.230000	0.212891
63.350000	0.222656
63.470000	0.231445
63.600000	0.239258
63.720000	0.250000
63.840000	0.260742
63.960000	0.271484
64.080000	0.281250
64.200000	0.291992
64.320000	0.305664
64.440000	0.317383
64.560000	0.329102
64.680000	0.341797
64.810000	0.354492
64.930000	0.367188
65.050000	0.380859
65.170000	0.393555
65.290000	0.407227
65.410000	0.421875
65.530000	0.437500
65.650000	0.453125
65.780000	0.468750
65.900000	0.485352
66.020000	0.500977
66.140000	0.517578
66.260000	0.530273
66.380000	0.546875
66.500000	0.564453
66.630000	0.588867
66.750000	0.606445
66.870000	0.625977
66.990000	0.643555
67.110000	0.663086
67.230000	0.683594
67.350000	0.702148
67.470000	0.718750
67.590000	0.739258
67.710000	0.760742
67.840000	0.784180
67.960000	0.805664
68.080000	0.828125
68.200000	0.849609
68.320000	0.870117
68.440000	0.889648
68.560000	0.907227
68.680000	0.922852
68.800000	0.934570
68.920000	0.938477
69.040000	0.935547
69.170000	0.933594
69.290000	0.932617
69.410000	0.931641
69.530000	0.930664
69.650000	0.928711
69.760000	0.927734
69.880000	0.927734
70.000000	0.927734
70.120000	0.926758
70.240000	0.924805
70.350000	0.924805
70.470000	0.923828
70.590000	0.924805
70.710000	0.923828
70.830000	0.922852
70.950000	0.922852
71.070000	0.922852
71.180000	0.920898
71.310000	0.919922
71.420000	0.920898
71.540000	0.919922
71.660000	0.918945
71.780000	0.918945
71.900000	0.918945
72.010000	0.918945
72.130000	0.918945
72.250000	0.917969
72.370000	0.916992
72.490000	0.916992
72.600000	0.916992
72.720000	0.916992
72.840000	0.916992
72.960000	0.916016
73.070000	0.916016
73.190000	0.916016
73.310000	0.916016
73.420000	0.915039
73.540000	0.914062
73.660000	0.914062
73.780000	0.914062
73.900000	0.914062
74.010000	0.914062
74.130000	0.914062
74.250000	0.913086
74.370000	0.912109
74.490000	0.912109
74.600000	0.913086
74.720000	0.912109
74.840000	0.912109
74.960000	0.911133
75.080000	0.911133
75.190000	0.911133
75.310000	0.910156
75.430000	0.911133
75.550000	0.910156
75.670000	0.909180
75.790000	0.910156
75.910000	0.909180
76.020000	0.907227
76.140000	0.909180
76.260000	0.909180
76.380000	0.908203
76.500000	0.908203
76.620000	0.909180
76.730000	0.907227
76.860000	0.907227
76.970000	0.908203
77.090000	0.908203
77.210000	0.908203
77.330000	0.907227
77.450000	0.907227
77.570000	0.907227
77.680000	0.906250
77.800000	0.907227
77.920000	0.906250
78.040000	0.906250
78.150000	0.906250
78.270000	0.908203
78.390000	0.904297
78.510000	0.905273
78.630000	0.905273
78.750000	0.905273
78.870000	0.905273
78.980000	0.905273
79.100000	0.905273
79.220000	0.904297
79.340000	0.904297
79.460000	0.903320
79.580000	0.904297
79.700000	0.903320
79.810000	0.903320
79.930000	0.903320
80.050000	0.900391
80.170000	0.903320
80.290000	0.903320
80.410000	0.903320
80.520000	0.903320
80.640000	0.902344
80.760000	0.902344
80.880000	0.902344
81.000000	0.901367
81.110000	0.901367
81.230000	0.901367
81.350000	0.901367
81.470000	0.900391
81.590000	0.901367
81.700000	0.901367
81.820000	0.901367
81.940000	0.900391
82.060000	0.900391
82.180000	0.900391
82.290000	0.900391
82.410000	0.898437
82.530000	0.899414
82.650000	0.900391
82.770000	0.901367
82.890000	0.900391
83.010000	0.901367
83.130000	0.899414
83.250000	0.900391
83.370000	0.899414
83.480000	0.899414
83.600000	0.899414
83.720000	0.898437
83.840000	0.899414
83.960000	0.898437
84.080000	0.898437
84.190000	0.899414
84.310000	0.898437
84.430000	0.899414
84.550000	0.899414
84.670000	0.898437
84.790000	0.899414
84.910000	0.898437
85.030000	0.898437
85.150000	0.898437
85.260000	0.897461
85.380000	0.897461
85.500000	0.898437
85.620000	0.897461
85.730000	0.897461
85.850000	0.897461
85.970000	0.897461
86.090000	0.897461
86.200000	0.897461
86.320000	0.896484
86.440000	0.896484
86.560000	0.896484
86.670000	0.896484
86.790000	0.896484
86.910000	0.897461
87.030000	0.895508
87.150000	0.896484
87.260000	0.897461
87.380000	0.896484
87.500000	0.896484
87.620000	0.896484
87.730000	0.896484
87.850000	0.896484
87.970000	0.895508
88.090000	0.896484
88.210000	0.896484
88.330000	0.898437
88.440000	0.900391
88.570000	0.905273
88.690000	0.915039
88.810000	0.921875
88.930000	0.853516
89.050000	0.686523
89.170000	0.805664
89.290000	0.902344
89.410000	0.894531
89.530000	0.894531
