30.070000	0.615234
30.200000	0.618164
30.320000	0.615234
30.440000	0.611328
30.560000	0.601562
30.680000	0.598633
30.800000	0.595703
30.920000	0.592773
31.040000	0.586914
31.160000	0.582031
31.280000	0.574219
31.400000	0.566406
31.520000	0.554687
31.640000	0.540039
31.770000	0.522461
31.890000	0.510742
32.010000	0.499023
32.130000	0.497070
32.250000	0.493164
32.370000	0.492188
32.490000	0.489258
32.610000	0.489258
32.730000	0.492188
32.850000	0.488281
32.960000	0.485352
33.080000	0.484375
33.210000	0.479492
33.330000	0.480469
33.440000	0.480469
33.560000	0.485352
33.680000	0.485352
33.800000	0.482422
33.920000	0.482422
34.040000	0.481445
34.150000	0.472656
34.280000	0.476563
34.400000	0.473633
34.520000	0.474609
34.640000	0.471680
34.760000	0.469727
34.870000	0.464844
35.000000	0.463867
35.110000	0.455078
35.230000	0.452148
35.360000	0.455078
35.480000	0.452148
35.600000	0.449219
35.720000	0.446289
35.840000	0.443359
35.960000	0.437500
36.080000	0.435547
36.200000	0.431641
36.320000	0.427734
36.440000	0.423828
36.560000	0.420898
36.680000	0.416992
36.800000	0.412109
36.920000	0.409180
37.040000	0.405273
37.160000	0.400391
37.280000	0.398437
37.400000	0.393555
37.520000	0.388672
37.640000	0.386719
37.760000	0.382812
37.880000	0.376953
38.000000	0.374023
38.120000	0.371094
38.240000	0.366211
38.360000	0.362305
38.480000	0.359375
38.600000	0.354492
38.720000	0.346680
38.840000	0.343750
38.960000	0.339844
39.080000	0.334961
39.200000	0.332031
39.320000	0.329102
39.440000	0.323242
39.560000	0.320313
39.680000	0.317383
39.800000	0.312500
39.920000	0.308594
40.040000	0.306641
40.160000	0.302734
40.280000	0.297852
40.400000	0.294922
40.520000	0.291016
40.640000	0.286133
40.760000	0.282227
40.890000	0.282227
41.000000	0.275391
41.120000	0.271484
41.240000	0.267578
41.360000	0.264648
41.480000	0.259766
41.610000	0.258789
41.720000	0.251953
41.840000	0.249023
41.960000	0.245117
42.080000	0.241211
42.200000	0.238281
42.320000	0.233398
42.450000	0.232422
42.560000	0.226563
42.680000	0.224609
42.800000	0.219727
42.920000	0.217773
43.040000	0.213867
43.170000	0.210938
43.290000	0.208008
43.400000	0.203125
43.530000	0.200195
43.650000	0.196289
43.770000	0.193359
43.890000	0.189453
44.010000	0.187500
44.130000	0.183594
44.250000	0.179688
44.370000	0.175781
44.490000	0.172852
44.610000	0.168945
44.730000	0.165039
44.850000	0.162109
44.970000	0.158203
45.090000	0.154297
45.210000	0.151367
45.330000	0.148438
45.450000	0.144531
45.570000	0.140625
45.690000	0.137695
45.810000	0.133789
45.930000	0.130859
46.050000	0.127930
46.170000	0.124023
46.290000	0.121094
46.410000	0.119141
46.530000	0.115234
46.650000	0.112305
46.770000	0.109375
46.890000	0.106445
47.010000	0.103516
47.130000	0.100586
47.250000	0.097656
47.370000	0.094727
47.490000	0.091797
47.610000	0.088867
47.730000	0.085937
47.850000	0.083984
47.970000	0.080078
48.090000	0.078125
48.210000	0.075195
48.330000	0.072266
48.450000	0.071289
48.570000	0.068359
48.690000	0.064453
48.810000	0.063477
48.930000	0.061523
49.050000	0.059570
49.170000	0.057617
49.290000	0.054688
49.410000	0.052734
49.540000	0.049805
49.660000	0.047852
49.780000	0.045898
49.900000	0.043945
50.020000	0.041992
50.140000	0.040039
50.260000	0.039063
50.380000	0.037109
50.500000	0.036133
50.620000	0.034180
50.740000	0.032227
50.860000	0.030273
50.980000	0.030273
51.100000	0.028320
51.220000	0.027344
51.340000	0.028320
51.460000	0.025391
51.580000	0.024414
51.700000	0.023437
51.820000	0.022461
51.940000	0.021484
52.060000	0.020508
52.180000	0.021484
52.300000	0.019531
52.420000	0.018555
52.540000	0.018555
52.660000	0.018555
52.780000	0.017578
52.900000	0.017578
53.010000	0.017578
53.130000	0.017578
53.250000	0.019531
53.370000	0.018555
53.490000	0.019531
53.610000	0.020508
53.730000	0.020508
53.850000	0.021484
53.970000	0.021484
54.080000	0.022461
54.210000	0.023437
54.330000	0.025391
54.450000	0.026367
54.570000	0.027344
54.690000	0.028320
54.810000	0.030273
54.930000	0.032227
55.050000	0.033203
55.170000	0.035156
55.290000	0.038086
55.410000	0.039063
55.530000	0.041992
55.650000	0.043945
55.770000	0.047852
55.890000	0.049805
56.010000	0.052734
56.130000	0.055664
56.250000	0.058594
56.380000	0.061523
56.500000	0.064453
56.620000	0.068359
56.740000	0.072266
56.860000	0.075195
56.980000	0.080078
57.100000	0.083984
57.220000	0.088867
57.340000	0.092773
57.460000	0.097656
57.580000	0.102539
57.700000	0.108398
57.820000	0.115234
57.940000	0.120117
58.060000	0.125000
58.180000	0.131836
58.300000	0.135742
58.420000	0.142578
58.540000	0.149414
58.660000	0.156250
58.780000	0.162109
58.900000	0.169922
59.020000	0.175781
59.150000	0.182617
59.270000	0.189453
59.390000	0.197266
59.510000	0.205078
59.630000	0.212891
59.750000	0.222656
59.870000	0.230469
59.990000	0.239258
60.110000	0.249023
60.230000	0.261719
60.350000	0.271484
60.470000	0.282227
60.590000	0.292969
60.710000	0.303711
60.830000	0.314453
60.950000	0.325195
61.080000	0.334961
61.200000	0.346680
61.320000	0.358398
61.440000	0.371094
61.560000	0.382812
61.680000	0.396484
61.800000	0.410156
61.920000	0.422852
62.040000	0.437500
62.160000	0.450195
62.280000	0.463867
62.400000	0.485352
62.520000	0.500977
62.640000	0.515625
62.760000	0.533203
62.880000	0.541992
63.000000	0.558594
63.120000	0.582031
63.240000	0.598633
63.360000	0.617187
63.480000	0.634766
63.600000	0.652344
63.720000	0.670898
63.850000	0.686523
63.970000	0.706055
64.090000	0.724609
64.210000	0.745117
64.330000	0.765625
64.450000	0.784180
64.570000	0.804687
64.690000	0.826172
64.810000	0.844727
64.930000	0.866211
65.050000	0.882812
65.170000	0.899414
65.290000	0.914062
65.410000	0.924805
65.530000	0.932617
65.650000	0.937500
65.770000	0.938477
65.890000	0.936523
66.010000	0.935547
66.130000	0.933594
66.260000	0.934570
66.370000	0.932617
66.490000	0.931641
66.610000	0.929687
66.730000	0.930664
66.850000	0.929687
66.970000	0.929687
67.090000	0.927734
67.210000	0.927734
67.320000	0.927734
67.440000	0.927734
67.560000	0.926758
67.680000	0.925781
67.800000	0.925781
67.910000	0.924805
68.040000	0.923828
68.160000	0.922852
68.270000	0.923828
68.390000	0.922852
68.510000	0.922852
68.630000	0.920898
68.750000	0.921875
68.860000	0.922852
68.980000	0.921875
69.100000	0.921875
69.220000	0.919922
69.340000	0.919922
69.460000	0.918945
69.580000	0.917969
69.690000	0.918945
69.810000	0.918945
69.930000	0.918945
70.050000	0.916992
70.170000	0.917969
70.290000	0.917969
70.400000	0.917969
70.520000	0.917969
70.640000	0.917969
70.750000	0.916016
70.870000	0.916016
70.990000	0.916016
71.110000	0.916016
71.230000	0.915039
71.340000	0.916016
71.460000	0.915039
71.580000	0.915039
71.700000	0.915039
71.810000	0.914062
71.940000	0.914062
72.050000	0.914062
72.170000	0.913086
72.290000	0.913086
72.410000	0.913086
72.520000	0.913086
72.640000	0.913086
72.760000	0.912109
72.880000	0.912109
72.990000	0.912109
73.110000	0.912109
73.230000	0.911133
73.350000	0.911133
73.460000	0.912109
73.580000	0.912109
73.700000	0.911133
73.820000	0.911133
73.930000	0.910156
74.050000	0.910156
74.170000	0.911133
74.290000	0.911133
74.410000	0.910156
74.530000	0.909180
74.650000	0.910156
74.760000	0.909180
74.880000	0.909180
75.000000	0.909180
75.110000	0.909180
75.230000	0.909180
75.350000	0.908203
75.470000	0.908203
75.580000	0.910156
75.700000	0.909180
75.820000	0.909180
75.940000	0.908203
76.050000	0.909180
76.170000	0.909180
76.290000	0.909180
76.410000	0.909180
76.520000	0.910156
76.640000	0.909180
76.760000	0.910156
76.880000	0.910156
76.990000	0.909180
77.110000	0.909180
77.230000	0.909180
77.350000	0.909180
77.460000	0.910156
77.580000	0.910156
77.700000	0.910156
77.810000	0.910156
77.930000	0.910156
78.050000	0.909180
78.170000	0.908203
78.280000	0.910156
78.400000	0.908203
78.520000	0.908203
78.640000	0.908203
78.750000	0.909180
78.870000	0.909180
78.990000	0.907227
79.110000	0.908203
79.230000	0.907227
79.350000	0.908203
79.470000	0.906250
79.590000	0.907227
79.700000	0.906250
79.820000	0.907227
79.940000	0.907227
80.060000	0.907227
80.170000	0.906250
80.290000	0.907227
80.400000	0.906250
80.520000	0.906250
80.640000	0.905273
80.760000	0.906250
80.880000	0.905273
81.000000	0.905273
81.110000	0.906250
81.230000	0.905273
81.350000	0.905273
81.470000	0.906250
81.590000	0.905273
81.710000	0.904297
81.830000	0.904297
81.950000	0.904297
82.070000	0.904297
82.180000	0.904297
82.300000	0.904297
82.420000	0.903320
82.540000	0.904297
82.650000	0.904297
82.770000	0.901367
82.890000	0.904297
83.010000	0.905273
83.130000	0.905273
83.250000	0.908203
83.370000	0.910156
83.490000	0.915039
83.610000	0.921875
83.730000	0.895508
83.850000	0.572266
83.970000	0.362305
84.090000	0.265625
84.210000	0.218750
84.330000	0.192383
84.460000	0.162109
84.580000	0.125977
84.700000	0.095703
84.820000	0.079102
84.940000	0.067383
85.060000	0.056641
85.180000	0.043945
85.300000	0.031250
85.420000	0.025391
85.540000	0.024414
85.660000	0.033203
85.780000	0.204102
85.900000	0.315430
86.020000	0.076172
86.140000	0.086914
86.270000	0.235352
86.390000	0.126953
86.510000	0.176758
86.630000	0.551758
86.750000	0.887695
86.870000	0.897461
86.990000	0.897461
87.110000	0.897461
87.230000	0.897461
87.340000	0.897461
87.460000	0.897461
87.580000	0.897461
87.700000	0.896484
87.810000	0.897461
87.930000	0.897461
88.050000	0.898437
88.170000	0.902344
88.280000	0.421875
88.410000	0.115234
88.530000	0.175781
88.650000	0.341797
88.770000	0.063477
88.890000	0.556641
89.010000	0.162109
89.130000	0.002930
89.250000	0.000000
89.370000	0.000000
89.490000	0.000000
89.610000	0.000000
