30.070000	0.806641
30.190000	0.802734
30.300000	0.801758
30.410000	0.795898
30.520000	0.793945
30.640000	0.787109
30.750000	0.786133
30.860000	0.784180
30.970000	0.778320
31.080000	0.776367
31.200000	0.771484
31.310000	0.768555
31.420000	0.766602
31.530000	0.761719
31.650000	0.760742
31.760000	0.753906
31.870000	0.750977
31.980000	0.750000
32.090000	0.741211
32.210000	0.744141
32.320000	0.738281
32.430000	0.735352
32.550000	0.727539
32.660000	0.726562
32.770000	0.726562
32.880000	0.717773
32.990000	0.716797
33.110000	0.709961
33.220000	0.708008
33.330000	0.705078
33.440000	0.698242
33.560000	0.699219
33.670000	0.691406
33.780000	0.687500
33.890000	0.686523
34.000000	0.678711
34.120000	0.681641
34.230000	0.673828
34.340000	0.672852
34.450000	0.667969
34.570000	0.663086
34.680000	0.661133
34.790000	0.654297
34.900000	0.654297
35.020000	0.643555
35.130000	0.643555
35.240000	0.641602
35.350000	0.633789
35.470000	0.631836
35.580000	0.625000
35.690000	0.626953
35.800000	0.618164
35.920000	0.618164
36.030000	0.613281
36.140000	0.605469
36.250000	0.606445
36.360000	0.599609
36.480000	0.597656
36.590000	0.592773
36.700000	0.586914
36.810000	0.585937
36.930000	0.577148
37.040000	0.577148
37.150000	0.574219
37.260000	0.566406
37.370000	0.566406
37.490000	0.555664
37.600000	0.556641
37.710000	0.553711
37.820000	0.544922
37.940000	0.541992
38.050000	0.535156
38.160000	0.534180
38.270000	0.528320
38.390000	0.528320
38.500000	0.521484
38.610000	0.514648
38.720000	0.514648
38.830000	0.507812
38.950000	0.507812
39.060000	0.500977
39.170000	0.499023
39.280000	0.495117
39.400000	0.486328
39.510000	0.486328
39.620000	0.477539
39.730000	0.478516
39.850000	0.468750
39.960000	0.465820
40.070000	0.465820
40.180000	0.456055
40.300000	0.454102
40.410000	0.448242
40.520000	0.444336
40.630000	0.441406
40.740000	0.435547
40.860000	0.434570
40.970000	0.428711
41.080000	0.422852
41.190000	0.421875
41.300000	0.414063
41.420000	0.413086
41.530000	0.407227
41.640000	0.405273
41.750000	0.400391
41.870000	0.393555
41.980000	0.393555
42.090000	0.387695
42.200000	0.383789
42.320000	0.376953
42.430000	0.373047
42.540000	0.372070
42.650000	0.363281
42.760000	0.362305
42.880000	0.356445
42.990000	0.351563
43.100000	0.348633
43.210000	0.350586
43.330000	0.341797
43.440000	0.334961
43.550000	0.330078
43.660000	0.328125
43.780000	0.324219
43.890000	0.320313
44.000000	0.314453
44.110000	0.305664
44.230000	0.305664
44.340000	0.305664
44.450000	0.303711
44.560000	0.296875
44.680000	0.292969
44.790000	0.288086
44.900000	0.286133
45.010000	0.280273
45.130000	0.279297
45.240000	0.273438
45.350000	0.268555
45.460000	0.265625
45.580000	0.261719
45.690000	0.258789
45.800000	0.253906
45.910000	0.250977
46.030000	0.243164
46.140000	0.241211
46.250000	0.239258
46.360000	0.233398
46.470000	0.230469
46.590000	0.224609
46.700000	0.220703
46.810000	0.217773
46.920000	0.212891
47.040000	0.208984
47.150000	0.204102
47.260000	0.200195
47.370000	0.198242
47.480000	0.194336
47.600000	0.191406
47.710000	0.185547
47.820000	0.182617
47.930000	0.179688
48.050000	0.176758
48.160000	0.172852
48.270000	0.168945
48.380000	0.165039
48.490000	0.160156
48.610000	0.157227
48.720000	0.154297
48.830000	0.151367
48.940000	0.147461
49.060000	0.142578
49.170000	0.140625
49.280000	0.136719
49.400000	0.133789
49.510000	0.129883
49.620000	0.125977
49.730000	0.123047
49.840000	0.119141
49.960000	0.116211
50.070000	0.112305
50.180000	0.109375
50.290000	0.106445
50.410000	0.104492
50.520000	0.099609
50.630000	0.095703
50.740000	0.093750
50.850000	0.090820
50.970000	0.086914
51.080000	0.084961
51.190000	0.081055
51.300000	0.078125
51.420000	0.074219
51.530000	0.071289
51.640000	0.070313
51.750000	0.067383
51.860000	0.065430
51.980000	0.070313
52.090000	0.058594
52.200000	0.056641
52.310000	0.053711
52.430000	0.051758
52.540000	0.049805
52.650000	0.046875
52.760000	0.044922
52.880000	0.041992
52.990000	0.040039
53.100000	0.037109
53.210000	0.036133
53.320000	0.033203
53.440000	0.030273
53.550000	0.029297
53.660000	0.027344
53.770000	0.026367
53.890000	0.023437
54.000000	0.021484
54.110000	0.020508
54.220000	0.018555
54.340000	0.016602
54.450000	0.015625
54.560000	0.014648
54.670000	0.013672
54.790000	0.010742
54.900000	0.009766
55.010000	0.008789
55.120000	0.007813
55.240000	0.006836
55.350000	0.005859
55.460000	0.004883
55.570000	0.004883
55.690000	0.003906
55.800000	0.002930
55.910000	0.002930
56.020000	0.001953
56.130000	0.001953
56.250000	0.000977
56.360000	0.000977
56.470000	0.000977
56.580000	0.001953
56.690000	0.000977
56.810000	0.000977
56.920000	0.001953
57.030000	0.002930
57.140000	0.002930
57.260000	0.002930
57.370000	0.003906
57.480000	0.004883
57.590000	0.005859
57.700000	0.006836
57.820000	0.007813
57.930000	0.008789
58.040000	0.009766
58.150000	0.011719
58.260000	0.012695
58.380000	0.014648
58.490000	0.015625
58.600000	0.017578
58.710000	0.019531
58.830000	0.021484
58.940000	0.023437
59.050000	0.026367
59.160000	0.028320
59.280000	0.031250
59.390000	0.034180
59.500000	0.037109
59.610000	0.040039
59.730000	0.043945
59.840000	0.046875
59.950000	0.049805
60.060000	0.053711
60.170000	0.056641
60.290000	0.061523
60.400000	0.065430
60.510000	0.069336
60.620000	0.073242
60.740000	0.078125
60.850000	0.083008
60.960000	0.087891
61.070000	0.093750
61.190000	0.097656
61.300000	0.103516
61.410000	0.109375
61.520000	0.114258
61.630000	0.120117
61.750000	0.125977
61.860000	0.131836
61.970000	0.139648
62.080000	0.144531
62.190000	0.153320
62.310000	0.158203
62.420000	0.166016
62.530000	0.174805
62.640000	0.180664
62.750000	0.189453
62.870000	0.197266
62.980000	0.204102
63.090000	0.214844
63.200000	0.221680
63.320000	0.232422
63.430000	0.239258
63.540000	0.249023
63.650000	0.259766
63.760000	0.267578
63.880000	0.280273
63.990000	0.289062
64.100000	0.297852
64.210000	0.310547
64.320000	0.319336
64.440000	0.333984
64.550000	0.342773
64.660000	0.353516
64.770000	0.368164
64.890000	0.381836
65.000000	0.394531
65.110000	0.406250
65.220000	0.420898
65.340000	0.429688
65.450000	0.448242
65.560000	0.460938
65.670000	0.475586
65.790000	0.487305
65.900000	0.501953
66.010000	0.520508
66.120000	0.532227
66.230000	0.550781
66.350000	0.565430
66.460000	0.580078
66.570000	0.600586
66.680000	0.613281
66.800000	0.635742
66.910000	0.650391
67.020000	0.666992
67.130000	0.688477
67.240000	0.703125
67.360000	0.727539
67.470000	0.743164
67.580000	0.762695
67.690000	0.784180
67.800000	0.800781
67.920000	0.825195
68.030000	0.842773
68.140000	0.864258
68.250000	0.882812
68.370000	0.900391
68.480000	0.915039
68.590000	0.927734
68.700000	0.937500
68.820000	0.939453
68.930000	0.938477
69.040000	0.936523
69.150000	0.934570
69.270000	0.934570
69.380000	0.932617
69.490000	0.931641
69.600000	0.931641
69.710000	0.929687
69.830000	0.929687
69.940000	0.927734
70.050000	0.928711
70.160000	0.927734
70.280000	0.926758
70.390000	0.926758
70.500000	0.925781
70.610000	0.925781
70.720000	0.924805
70.840000	0.924805
70.950000	0.925781
71.060000	0.923828
71.170000	0.927734
71.290000	0.921875
71.400000	0.922852
71.510000	0.921875
71.620000	0.921875
71.740000	0.919922
71.850000	0.920898
71.960000	0.921875
72.070000	0.920898
72.180000	0.919922
72.300000	0.919922
72.410000	0.919922
72.520000	0.918945
72.630000	0.918945
72.740000	0.919922
72.860000	0.917969
72.970000	0.916992
73.080000	0.917969
73.190000	0.916992
73.310000	0.917969
73.420000	0.916992
73.530000	0.916016
73.640000	0.916992
73.760000	0.916016
73.870000	0.916016
73.980000	0.916016
74.090000	0.916016
74.200000	0.916016
74.320000	0.915039
74.430000	0.914062
74.540000	0.914062
74.650000	0.914062
74.770000	0.913086
74.880000	0.914062
74.990000	0.914062
75.100000	0.913086
75.210000	0.913086
75.330000	0.913086
75.440000	0.913086
75.550000	0.912109
75.660000	0.913086
75.770000	0.913086
75.890000	0.912109
76.000000	0.913086
76.110000	0.912109
76.220000	0.911133
76.340000	0.912109
76.450000	0.911133
76.560000	0.911133
76.670000	0.911133
76.780000	0.911133
76.900000	0.910156
77.010000	0.910156
77.120000	0.910156
77.230000	0.910156
77.350000	0.909180
77.460000	0.909180
77.570000	0.910156
77.680000	0.908203
77.790000	0.909180
77.910000	0.909180
78.020000	0.909180
78.130000	0.908203
78.240000	0.908203
78.350000	0.909180
78.470000	0.907227
78.580000	0.908203
78.690000	0.907227
78.800000	0.907227
78.910000	0.907227
79.030000	0.907227
79.140000	0.907227
79.250000	0.907227
79.360000	0.906250
79.480000	0.906250
79.590000	0.906250
79.700000	0.906250
79.810000	0.907227
79.930000	0.904297
80.040000	0.905273
80.150000	0.905273
80.260000	0.905273
80.370000	0.905273
80.490000	0.904297
80.600000	0.905273
80.710000	0.904297
80.820000	0.904297
80.940000	0.904297
81.050000	0.905273
81.160000	0.905273
81.270000	0.905273
81.390000	0.903320
81.500000	0.904297
81.610000	0.903320
81.720000	0.903320
81.830000	0.904297
81.950000	0.904297
82.060000	0.903320
82.170000	0.903320
82.280000	0.903320
82.390000	0.903320
82.510000	0.903320
82.620000	0.903320
82.730000	0.903320
82.840000	0.902344
82.950000	0.903320
83.070000	0.902344
83.180000	0.902344
83.290000	0.902344
83.400000	0.901367
83.520000	0.902344
83.630000	0.902344
83.740000	0.902344
83.850000	0.901367
83.960000	0.901367
84.080000	0.902344
84.190000	0.900391
84.300000	0.901367
84.410000	0.901367
84.530000	0.901367
84.640000	0.900391
84.750000	0.901367
84.860000	0.901367
84.970000	0.900391
85.090000	0.900391
85.200000	0.900391
85.310000	0.899414
85.420000	0.900391
85.530000	0.900391
85.650000	0.899414
85.760000	0.900391
85.870000	0.900391
85.980000	0.900391
86.100000	0.898437
86.210000	0.899414
86.320000	0.899414
86.430000	0.899414
86.540000	0.899414
86.660000	0.899414
86.770000	0.899414
86.880000	0.899414
86.990000	0.899414
87.110000	0.898437
87.220000	0.898437
87.330000	0.900391
87.440000	0.899414
87.560000	0.897461
87.670000	0.899414
87.780000	0.898437
87.890000	0.897461
88.000000	0.897461
88.120000	0.898437
88.230000	0.898437
88.340000	0.897461
88.450000	0.897461
88.570000	0.898437
88.680000	0.897461
88.790000	0.897461
88.900000	0.898437
89.020000	0.897461
89.130000	0.897461
89.240000	0.897461
89.350000	0.897461
89.460000	0.896484
89.580000	0.899414
