30.110000	0.816406
30.300000	0.812500
30.480000	0.810547
30.670000	0.802734
30.850000	0.801758
31.030000	0.792969
31.210000	0.784180
31.400000	0.781250
31.580000	0.772461
31.760000	0.772461
31.940000	0.764648
32.120000	0.755859
32.300000	0.752930
32.480000	0.742187
32.660000	0.732422
32.850000	0.729492
33.030000	0.720703
33.210000	0.719727
33.390000	0.712891
33.570000	0.700195
33.750000	0.696289
33.930000	0.686523
34.110000	0.676758
34.300000	0.674805
34.480000	0.664062
34.660000	0.661133
34.840000	0.657227
35.020000	0.644531
35.200000	0.640625
35.380000	0.633789
35.570000	0.625000
35.750000	0.624023
35.930000	0.615234
36.110000	0.609375
36.290000	0.606445
36.470000	0.593750
36.650000	0.588867
36.830000	0.585937
37.010000	0.575195
37.190000	0.570312
37.380000	0.560547
37.560000	0.548828
37.740000	0.544922
37.920000	0.532227
38.110000	0.519531
38.290000	0.510742
38.470000	0.491211
38.650000	0.480469
38.830000	0.467773
39.010000	0.446289
39.200000	0.432617
39.380000	0.412109
39.560000	0.392578
39.740000	0.374023
39.920000	0.354492
40.110000	0.334961
40.290000	0.319336
40.470000	0.299805
40.650000	0.288086
40.830000	0.276367
41.010000	0.261719
41.200000	0.253906
41.380000	0.242188
41.560000	0.234375
41.740000	0.229492
41.920000	0.220703
42.110000	0.217773
42.290000	0.211914
42.470000	0.205078
42.650000	0.202148
42.830000	0.198242
43.010000	0.192383
43.200000	0.190430
43.380000	0.184570
43.560000	0.181641
43.740000	0.178711
43.920000	0.172852
44.100000	0.170898
44.280000	0.166016
44.460000	0.162109
44.650000	0.159180
44.830000	0.155273
45.010000	0.150391
45.190000	0.149414
45.370000	0.144531
45.550000	0.140625
45.730000	0.137695
45.910000	0.133789
46.090000	0.129883
46.270000	0.126953
46.450000	0.122070
46.640000	0.120117
46.810000	0.117188
46.990000	0.112305
47.180000	0.109375
47.360000	0.106445
47.540000	0.101563
47.720000	0.099609
47.900000	0.096680
48.080000	0.091797
48.260000	0.089844
48.450000	0.085937
48.630000	0.082031
48.810000	0.080078
48.990000	0.077148
49.170000	0.073242
49.350000	0.070313
49.530000	0.068359
49.720000	0.064453
49.900000	0.062500
50.080000	0.058594
50.260000	0.055664
50.440000	0.053711
50.620000	0.050781
50.810000	0.047852
50.990000	0.044922
51.170000	0.041992
51.350000	0.040039
51.530000	0.037109
51.710000	0.036133
51.900000	0.033203
52.080000	0.030273
52.260000	0.029297
52.440000	0.026367
52.620000	0.024414
52.800000	0.022461
52.980000	0.020508
53.170000	0.018555
53.350000	0.016602
53.530000	0.014648
53.720000	0.012695
53.900000	0.011719
54.080000	0.009766
54.260000	0.008789
54.440000	0.006836
54.620000	0.005859
54.810000	0.004883
54.990000	0.002930
55.170000	0.001953
55.350000	0.000977
55.530000	0.000977
55.710000	0.000977
55.890000	0.000000
56.070000	0.000000
56.250000	0.000000
56.420000	0.000000
56.600000	0.000000
56.780000	0.000000
56.950000	0.000000
57.130000	0.000000
57.310000	0.000000
57.480000	0.000000
57.660000	0.000977
57.840000	0.000977
58.020000	0.000977
58.190000	0.002930
58.380000	0.003906
58.560000	0.004883
58.740000	0.006836
58.920000	0.008789
59.110000	0.009766
59.290000	0.011719
59.470000	0.013672
59.650000	0.016602
59.830000	0.018555
60.010000	0.022461
60.200000	0.024414
60.380000	0.027344
60.560000	0.031250
60.740000	0.035156
60.920000	0.039063
61.100000	0.042969
61.280000	0.047852
61.460000	0.050781
61.650000	0.055664
61.830000	0.061523
62.010000	0.065430
62.190000	0.071289
62.370000	0.077148
62.560000	0.082031
62.740000	0.089844
62.920000	0.094727
63.100000	0.101563
63.280000	0.109375
63.460000	0.115234
63.650000	0.124023
63.830000	0.132813
64.010000	0.138672
64.190000	0.148438
64.370000	0.158203
64.550000	0.166992
64.740000	0.177734
64.920000	0.187500
65.100000	0.195312
65.280000	0.208984
65.470000	0.217773
65.650000	0.229492
65.830000	0.244141
66.010000	0.254883
66.190000	0.267578
66.370000	0.281250
66.550000	0.291992
66.740000	0.308594
66.920000	0.324219
67.100000	0.335938
67.280000	0.352539
67.460000	0.371094
67.640000	0.383789
67.830000	0.402344
68.010000	0.422852
68.190000	0.435547
68.370000	0.456055
68.550000	0.477539
68.730000	0.492188
68.910000	0.512695
69.100000	0.538086
69.280000	0.553711
69.460000	0.577148
69.640000	0.602539
69.820000	0.621094
70.000000	0.646484
70.190000	0.672852
70.370000	0.694336
70.550000	0.721680
70.730000	0.750000
70.910000	0.772461
71.090000	0.799805
71.280000	0.826172
71.460000	0.848633
71.640000	0.875000
71.820000	0.896484
72.000000	0.914062
72.190000	0.928711
72.370000	0.936523
72.550000	0.940430
72.730000	0.938477
72.910000	0.936523
73.090000	0.935547
73.270000	0.934570
73.450000	0.932617
73.630000	0.931641
73.810000	0.930664
73.990000	0.929687
74.160000	0.930664
74.340000	0.928711
74.520000	0.927734
74.700000	0.927734
74.870000	0.927734
75.050000	0.926758
75.230000	0.926758
75.400000	0.926758
75.580000	0.925781
75.760000	0.925781
75.940000	0.925781
76.110000	0.926758
76.290000	0.926758
76.470000	0.926758
76.640000	0.926758
76.820000	0.927734
76.990000	0.928711
77.170000	0.929687
77.350000	0.933594
77.530000	0.938477
77.710000	0.901367
77.900000	0.798828
78.080000	0.697266
78.260000	0.599609
78.440000	0.519531
78.620000	0.434570
78.800000	0.365234
78.990000	0.308594
79.170000	0.258789
79.350000	0.215820
79.530000	0.186523
79.710000	0.164063
79.900000	0.147461
80.080000	0.135742
80.260000	0.124023
80.440000	0.117188
80.620000	0.110352
80.810000	0.105469
80.990000	0.102539
81.170000	0.098633
81.350000	0.094727
81.530000	0.091797
81.720000	0.087891
81.900000	0.083984
82.070000	0.081055
82.260000	0.076172
82.440000	0.071289
82.620000	0.069336
82.800000	0.065430
82.980000	0.064453
83.160000	0.061523
83.350000	0.059570
83.530000	0.058594
83.710000	0.057617
83.890000	0.053711
84.070000	0.051758
84.260000	0.048828
84.440000	0.049805
84.620000	0.049805
84.800000	0.048828
84.980000	0.044922
85.160000	0.042969
85.340000	0.041992
85.530000	0.040039
85.710000	0.040039
85.890000	0.038086
86.070000	0.038086
86.250000	0.038086
86.420000	0.038086
86.600000	0.038086
86.770000	0.038086
86.950000	0.038086
87.130000	0.037109
87.310000	0.037109
87.490000	0.038086
87.670000	0.041992
87.850000	0.268555
88.030000	0.141602
88.210000	0.151367
88.400000	0.170898
88.580000	0.270508
88.760000	0.800781
88.940000	0.899414
89.120000	0.900391
89.300000	0.899414
89.480000	0.899414
89.650000	0.900391
