30.070000	0.790039
30.190000	0.788086
30.300000	0.788086
30.410000	0.783203
30.530000	0.779297
30.640000	0.777344
30.750000	0.772461
30.860000	0.769531
30.970000	0.767578
31.090000	0.760742
31.200000	0.758789
31.310000	0.754883
31.420000	0.751953
31.530000	0.750000
31.650000	0.742187
31.760000	0.741211
31.870000	0.738281
31.980000	0.733398
32.100000	0.726562
32.210000	0.723633
32.320000	0.722656
32.430000	0.715820
32.540000	0.713867
32.660000	0.710937
32.770000	0.704102
32.880000	0.708008
32.990000	0.698242
33.110000	0.698242
33.220000	0.693359
33.330000	0.686523
33.440000	0.687500
33.560000	0.679687
33.670000	0.678711
33.780000	0.674805
33.890000	0.667969
34.000000	0.669922
34.110000	0.662109
34.230000	0.660156
34.340000	0.657227
34.450000	0.649414
34.560000	0.649414
34.670000	0.644531
34.790000	0.639648
34.900000	0.638672
35.010000	0.630859
35.120000	0.630859
35.230000	0.625000
35.350000	0.618164
35.460000	0.617187
35.570000	0.608398
35.690000	0.607422
35.800000	0.599609
35.910000	0.597656
36.020000	0.593750
36.130000	0.587891
36.250000	0.587891
36.360000	0.580078
36.470000	0.576172
36.580000	0.574219
36.700000	0.571289
36.810000	0.568359
36.920000	0.560547
37.030000	0.560547
37.150000	0.550781
37.260000	0.549805
37.370000	0.546875
37.480000	0.540039
37.600000	0.534180
37.710000	0.529297
37.820000	0.528320
37.930000	0.521484
38.040000	0.518555
38.160000	0.514648
38.270000	0.507812
38.380000	0.505859
38.490000	0.500000
38.600000	0.496094
38.720000	0.494141
38.830000	0.487305
38.940000	0.487305
39.050000	0.479492
39.170000	0.478516
39.280000	0.473633
39.390000	0.470703
39.500000	0.465820
39.620000	0.458008
39.730000	0.458008
39.840000	0.452148
39.950000	0.447266
40.060000	0.444336
40.180000	0.436523
40.290000	0.437500
40.400000	0.431641
40.510000	0.426758
40.630000	0.419922
40.740000	0.414063
40.850000	0.414063
40.960000	0.410156
41.070000	0.403320
41.190000	0.399414
41.300000	0.393555
41.410000	0.391602
41.520000	0.385742
41.630000	0.381836
41.750000	0.379883
41.860000	0.373047
41.970000	0.372070
42.080000	0.366211
42.200000	0.364258
42.310000	0.358398
42.420000	0.352539
42.530000	0.350586
42.640000	0.344727
42.760000	0.343750
42.870000	0.337891
42.980000	0.333984
43.090000	0.330078
43.210000	0.322266
43.320000	0.320313
43.430000	0.317383
43.540000	0.312500
43.660000	0.309570
43.770000	0.304688
43.880000	0.303711
43.990000	0.296875
44.100000	0.293945
44.220000	0.289062
44.330000	0.286133
44.440000	0.284180
44.550000	0.277344
44.670000	0.275391
44.780000	0.270508
44.890000	0.264648
45.000000	0.263672
45.110000	0.257813
45.230000	0.255859
45.340000	0.249023
45.450000	0.246094
45.560000	0.243164
45.670000	0.237305
45.790000	0.236328
45.900000	0.231445
46.010000	0.226563
46.120000	0.223633
46.230000	0.217773
46.350000	0.215820
46.460000	0.208008
46.570000	0.208008
46.680000	0.203125
46.800000	0.197266
46.910000	0.196289
47.020000	0.191406
47.130000	0.187500
47.240000	0.185547
47.360000	0.179688
47.470000	0.177734
47.580000	0.171875
47.690000	0.168945
47.810000	0.164063
47.920000	0.161133
48.030000	0.157227
48.140000	0.153320
48.260000	0.151367
48.370000	0.147461
48.480000	0.143555
48.590000	0.140625
48.710000	0.136719
48.820000	0.133789
48.930000	0.129883
49.040000	0.127930
49.150000	0.124023
49.270000	0.120117
49.380000	0.116211
49.490000	0.112305
49.600000	0.111328
49.720000	0.105469
49.830000	0.103516
49.940000	0.100586
50.050000	0.097656
50.160000	0.094727
50.280000	0.090820
50.390000	0.087891
50.500000	0.083984
50.610000	0.081055
50.730000	0.078125
50.840000	0.075195
50.950000	0.072266
51.060000	0.070313
51.180000	0.068359
51.290000	0.063477
51.400000	0.061523
51.510000	0.059570
51.630000	0.056641
51.740000	0.053711
51.850000	0.051758
51.960000	0.048828
52.070000	0.046875
52.190000	0.044922
52.300000	0.042969
52.410000	0.040039
52.520000	0.038086
52.640000	0.036133
52.750000	0.033203
52.860000	0.031250
52.970000	0.030273
53.080000	0.027344
53.200000	0.025391
53.310000	0.023437
53.420000	0.021484
53.530000	0.020508
53.640000	0.018555
53.760000	0.016602
53.870000	0.015625
53.980000	0.013672
54.090000	0.012695
54.210000	0.010742
54.320000	0.009766
54.430000	0.008789
54.540000	0.008789
54.650000	0.006836
54.770000	0.005859
54.880000	0.005859
54.990000	0.004883
55.100000	0.004883
55.220000	0.002930
55.330000	0.002930
55.440000	0.001953
55.550000	0.001953
55.660000	0.001953
55.780000	0.000977
55.890000	0.001953
56.000000	0.001953
56.110000	0.000977
56.230000	0.001953
56.340000	0.001953
56.450000	0.001953
56.560000	0.001953
56.670000	0.002930
56.790000	0.003906
56.900000	0.004883
57.010000	0.004883
57.120000	0.006836
57.240000	0.008789
57.350000	0.009766
57.460000	0.010742
57.570000	0.012695
57.680000	0.013672
57.800000	0.014648
57.910000	0.015625
58.020000	0.017578
58.130000	0.019531
58.250000	0.021484
58.360000	0.024414
58.470000	0.026367
58.580000	0.029297
58.690000	0.030273
58.810000	0.035156
58.920000	0.036133
59.030000	0.041016
59.140000	0.043945
59.260000	0.046875
59.370000	0.049805
59.480000	0.053711
59.590000	0.056641
59.710000	0.060547
59.820000	0.065430
59.930000	0.068359
60.040000	0.074219
60.150000	0.078125
60.270000	0.083984
60.380000	0.088867
60.490000	0.093750
60.600000	0.098633
60.710000	0.103516
60.830000	0.109375
60.940000	0.115234
61.050000	0.121094
61.160000	0.127930
61.280000	0.132813
61.390000	0.140625
61.500000	0.145508
61.610000	0.153320
61.730000	0.160156
61.840000	0.166992
61.950000	0.175781
62.060000	0.182617
62.170000	0.190430
62.290000	0.199219
62.400000	0.206055
62.510000	0.215820
62.620000	0.223633
62.730000	0.231445
62.850000	0.243164
62.960000	0.250000
63.070000	0.262695
63.180000	0.271484
63.300000	0.283203
63.410000	0.292969
63.520000	0.300781
63.630000	0.314453
63.750000	0.324219
63.860000	0.337891
63.970000	0.347656
64.080000	0.361328
64.200000	0.370117
64.310000	0.383789
64.420000	0.399414
64.530000	0.408203
64.640000	0.424805
64.760000	0.435547
64.870000	0.450195
64.980000	0.464844
65.100000	0.482422
65.210000	0.495117
65.320000	0.511719
65.430000	0.527344
65.550000	0.540039
65.660000	0.559570
65.770000	0.573242
65.880000	0.591797
66.000000	0.603516
66.110000	0.623047
66.220000	0.642578
66.330000	0.659180
66.440000	0.677734
66.560000	0.692383
66.670000	0.713867
66.780000	0.733398
66.890000	0.750977
67.010000	0.774414
67.120000	0.790039
67.230000	0.811523
67.340000	0.832031
67.460000	0.854492
67.570000	0.873047
67.680000	0.890625
67.790000	0.908203
67.900000	0.922852
68.020000	0.935547
68.130000	0.940430
68.240000	0.940430
68.360000	0.935547
68.470000	0.935547
68.580000	0.934570
68.690000	0.933594
68.800000	0.931641
68.920000	0.931641
69.030000	0.931641
69.140000	0.929687
69.250000	0.928711
69.370000	0.928711
69.480000	0.928711
69.590000	0.928711
69.700000	0.926758
69.820000	0.925781
69.930000	0.925781
70.040000	0.924805
70.150000	0.924805
70.270000	0.923828
70.380000	0.924805
70.490000	0.923828
70.600000	0.923828
70.710000	0.922852
70.830000	0.921875
70.940000	0.922852
71.050000	0.921875
71.160000	0.922852
71.270000	0.920898
71.390000	0.919922
71.500000	0.919922
71.610000	0.919922
71.720000	0.918945
71.840000	0.919922
71.950000	0.918945
72.060000	0.918945
72.170000	0.918945
72.280000	0.917969
72.400000	0.917969
72.510000	0.916992
72.620000	0.916992
72.730000	0.916992
72.850000	0.915039
72.960000	0.916992
73.070000	0.916016
73.180000	0.916016
73.290000	0.916016
73.410000	0.916016
73.520000	0.916016
73.630000	0.915039
73.740000	0.916016
73.860000	0.914062
73.970000	0.914062
74.080000	0.914062
74.190000	0.915039
74.300000	0.914062
74.420000	0.913086
74.530000	0.913086
74.640000	0.913086
74.750000	0.913086
74.870000	0.913086
74.980000	0.912109
75.090000	0.913086
75.200000	0.912109
75.310000	0.912109
75.420000	0.912109
75.540000	0.911133
75.650000	0.911133
75.760000	0.911133
75.870000	0.911133
75.990000	0.911133
76.100000	0.911133
76.210000	0.911133
76.320000	0.910156
76.430000	0.909180
76.550000	0.909180
76.660000	0.910156
76.770000	0.909180
76.880000	0.910156
77.000000	0.909180
77.110000	0.909180
77.220000	0.908203
77.330000	0.909180
77.440000	0.908203
77.560000	0.908203
77.670000	0.908203
77.780000	0.908203
77.890000	0.907227
78.010000	0.906250
78.120000	0.908203
78.230000	0.907227
78.340000	0.907227
78.450000	0.907227
78.570000	0.907227
78.680000	0.906250
78.790000	0.906250
78.900000	0.906250
79.010000	0.904297
79.130000	0.906250
79.240000	0.906250
79.350000	0.905273
79.460000	0.905273
79.580000	0.905273
79.690000	0.905273
79.800000	0.905273
79.910000	0.905273
80.030000	0.905273
80.140000	0.905273
80.250000	0.904297
80.360000	0.905273
80.470000	0.904297
80.580000	0.904297
80.700000	0.904297
80.810000	0.904297
80.920000	0.904297
81.030000	0.904297
81.150000	0.904297
81.260000	0.905273
81.370000	0.903320
81.480000	0.903320
81.590000	0.903320
81.710000	0.902344
81.820000	0.902344
81.930000	0.903320
82.040000	0.902344
82.150000	0.902344
82.270000	0.902344
82.380000	0.903320
82.490000	0.902344
82.600000	0.902344
82.720000	0.902344
82.830000	0.902344
82.940000	0.901367
83.050000	0.902344
83.160000	0.902344
83.280000	0.901367
83.390000	0.901367
83.500000	0.900391
83.610000	0.901367
83.720000	0.900391
83.840000	0.901367
83.950000	0.901367
84.060000	0.900391
84.170000	0.900391
84.280000	0.901367
84.400000	0.900391
84.510000	0.900391
84.620000	0.901367
84.730000	0.900391
84.850000	0.899414
84.960000	0.900391
85.070000	0.900391
85.180000	0.900391
85.290000	0.899414
85.410000	0.900391
85.520000	0.900391
85.630000	0.900391
85.740000	0.899414
85.850000	0.900391
85.970000	0.898437
86.080000	0.899414
86.190000	0.898437
86.300000	0.900391
86.420000	0.898437
86.530000	0.899414
86.640000	0.898437
86.750000	0.898437
86.870000	0.898437
86.980000	0.898437
87.090000	0.898437
87.200000	0.898437
87.310000	0.898437
87.430000	0.898437
87.540000	0.897461
87.650000	0.897461
87.760000	0.898437
87.880000	0.897461
87.990000	0.897461
88.100000	0.898437
88.210000	0.897461
88.330000	0.897461
88.440000	0.898437
88.550000	0.897461
88.660000	0.897461
88.780000	0.897461
88.890000	0.898437
89.000000	0.897461
89.110000	0.897461
89.220000	0.898437
89.340000	0.896484
89.450000	0.897461
89.560000	0.898437
