30.070000	0.808594
30.200000	0.808594
30.320000	0.803711
30.440000	0.802734
30.560000	0.800781
30.680000	0.795898
30.800000	0.792969
30.920000	0.791016
31.040000	0.788086
31.160000	0.785156
31.280000	0.782227
31.400000	0.779297
31.520000	0.776367
31.640000	0.772461
31.760000	0.770508
31.880000	0.768555
32.000000	0.764648
32.120000	0.761719
32.240000	0.759766
32.360000	0.754883
32.480000	0.752930
32.600000	0.750000
32.720000	0.747070
32.840000	0.744141
32.960000	0.739258
33.080000	0.737305
33.200000	0.733398
33.320000	0.729492
33.440000	0.725586
33.560000	0.723633
33.680000	0.720703
33.800000	0.715820
33.920000	0.713867
34.040000	0.709961
34.160000	0.706055
34.280000	0.703125
34.400000	0.699219
34.520000	0.697266
34.640000	0.693359
34.760000	0.691406
34.880000	0.687500
35.000000	0.683594
35.120000	0.680664
35.240000	0.676758
35.360000	0.673828
35.480000	0.669922
35.600000	0.666016
35.720000	0.664062
35.850000	0.662109
35.970000	0.659180
36.090000	0.655273
36.210000	0.651367
36.330000	0.647461
36.450000	0.643555
36.570000	0.640625
36.690000	0.636719
36.810000	0.634766
36.930000	0.625000
37.050000	0.622070
37.170000	0.618164
37.290000	0.614258
37.410000	0.611328
37.530000	0.607422
37.650000	0.604492
37.770000	0.599609
37.890000	0.596680
38.010000	0.592773
38.130000	0.588867
38.250000	0.584961
38.380000	0.586914
38.500000	0.583984
38.620000	0.580078
38.740000	0.577148
38.860000	0.573242
38.980000	0.569336
39.100000	0.566406
39.220000	0.562500
39.340000	0.558594
39.460000	0.554687
39.580000	0.551758
39.700000	0.547852
39.820000	0.543945
39.940000	0.540039
40.060000	0.531250
40.180000	0.526367
40.300000	0.523437
40.420000	0.519531
40.540000	0.515625
40.660000	0.512695
40.780000	0.507812
40.900000	0.504883
41.030000	0.503906
41.140000	0.497070
41.260000	0.493164
41.390000	0.492188
41.500000	0.485352
41.620000	0.482422
41.750000	0.481445
41.860000	0.474609
41.980000	0.470703
42.110000	0.469727
42.220000	0.462891
42.340000	0.458984
42.460000	0.455078
42.580000	0.451172
42.710000	0.452148
42.820000	0.444336
42.950000	0.443359
43.070000	0.440430
43.180000	0.431641
43.310000	0.431641
43.420000	0.423828
43.550000	0.423828
43.660000	0.416016
43.780000	0.413086
43.900000	0.408203
44.020000	0.404297
44.140000	0.400391
44.270000	0.402344
44.380000	0.392578
44.500000	0.389648
44.630000	0.389648
44.740000	0.381836
44.860000	0.377930
44.980000	0.374023
45.100000	0.370117
45.220000	0.366211
45.340000	0.362305
45.460000	0.358398
45.580000	0.354492
45.710000	0.355469
45.830000	0.350586
45.950000	0.346680
46.070000	0.342773
46.190000	0.338867
46.310000	0.334961
46.430000	0.331055
46.550000	0.327148
46.670000	0.323242
46.790000	0.318359
46.910000	0.314453
47.030000	0.310547
47.150000	0.306641
47.270000	0.303711
47.390000	0.298828
47.510000	0.294922
47.630000	0.289062
47.750000	0.284180
47.870000	0.281250
47.990000	0.277344
48.110000	0.273438
48.230000	0.269531
48.350000	0.266602
48.470000	0.261719
48.590000	0.259766
48.710000	0.255859
48.830000	0.251953
48.960000	0.248047
49.080000	0.244141
49.200000	0.240234
49.310000	0.235352
49.430000	0.231445
49.550000	0.227539
49.670000	0.224609
49.790000	0.222656
49.910000	0.216797
50.030000	0.211914
50.150000	0.208008
50.270000	0.205078
50.390000	0.201172
50.510000	0.200195
50.630000	0.193359
50.750000	0.190430
50.870000	0.188477
50.990000	0.184570
51.110000	0.181641
51.230000	0.178711
51.350000	0.174805
51.470000	0.171875
51.590000	0.167969
51.710000	0.164063
51.830000	0.160156
51.950000	0.157227
52.070000	0.153320
52.190000	0.150391
52.310000	0.147461
52.430000	0.143555
52.560000	0.139648
52.680000	0.134766
52.800000	0.131836
52.920000	0.128906
53.040000	0.125000
53.160000	0.122070
53.280000	0.119141
53.400000	0.116211
53.520000	0.112305
53.640000	0.109375
53.760000	0.106445
53.880000	0.103516
54.000000	0.100586
54.120000	0.097656
54.240000	0.094727
54.360000	0.090820
54.480000	0.088867
54.600000	0.084961
54.720000	0.082031
54.840000	0.080078
54.960000	0.077148
55.080000	0.074219
55.200000	0.072266
55.320000	0.069336
55.440000	0.067383
55.560000	0.064453
55.680000	0.061523
55.800000	0.060547
55.920000	0.056641
56.040000	0.054688
56.160000	0.052734
56.290000	0.048828
56.410000	0.046875
56.530000	0.043945
56.650000	0.042969
56.770000	0.040039
56.890000	0.038086
57.010000	0.036133
57.130000	0.033203
57.250000	0.031250
57.370000	0.029297
57.490000	0.027344
57.610000	0.026367
57.730000	0.025391
57.850000	0.023437
57.970000	0.021484
58.090000	0.018555
58.210000	0.018555
58.330000	0.016602
58.450000	0.015625
58.570000	0.013672
58.690000	0.012695
58.810000	0.010742
58.940000	0.009766
59.060000	0.008789
59.180000	0.006836
59.300000	0.005859
59.420000	0.004883
59.540000	0.004883
59.650000	0.003906
59.780000	0.003906
59.890000	0.002930
60.010000	0.001953
60.130000	0.001953
60.250000	0.000977
60.370000	0.000977
60.490000	0.010742
60.610000	0.000977
60.730000	0.000000
60.850000	0.000977
60.970000	0.000000
61.090000	0.000000
61.210000	0.000977
61.330000	0.000000
61.460000	0.000977
61.580000	0.001953
61.700000	0.001953
61.810000	0.003906
61.940000	0.003906
62.050000	0.004883
62.170000	0.004883
62.290000	0.006836
62.410000	0.007813
62.530000	0.009766
62.650000	0.010742
62.780000	0.011719
62.900000	0.013672
63.020000	0.015625
63.140000	0.017578
63.260000	0.019531
63.380000	0.021484
63.500000	0.023437
63.620000	0.025391
63.740000	0.028320
63.860000	0.030273
63.980000	0.033203
64.100000	0.036133
64.220000	0.037109
64.340000	0.042969
64.460000	0.045898
64.580000	0.048828
64.700000	0.051758
64.820000	0.056641
64.950000	0.060547
65.070000	0.064453
65.190000	0.069336
65.310000	0.072266
65.430000	0.077148
65.550000	0.082031
65.670000	0.085937
65.790000	0.090820
65.910000	0.096680
66.030000	0.102539
66.150000	0.107422
66.270000	0.112305
66.390000	0.118164
66.510000	0.125000
66.630000	0.130859
66.750000	0.136719
66.870000	0.145508
66.990000	0.150391
67.110000	0.157227
67.240000	0.165039
67.360000	0.171875
67.480000	0.179688
67.600000	0.187500
67.720000	0.194336
67.840000	0.203125
67.960000	0.210938
68.080000	0.219727
68.200000	0.227539
68.320000	0.237305
68.440000	0.247070
68.560000	0.257813
68.680000	0.268555
68.800000	0.277344
68.920000	0.288086
69.040000	0.297852
69.160000	0.305664
69.280000	0.316406
69.400000	0.328125
69.520000	0.341797
69.640000	0.355469
69.760000	0.367188
69.880000	0.378906
70.000000	0.391602
70.120000	0.404297
70.240000	0.417969
70.370000	0.428711
70.490000	0.441406
70.610000	0.456055
70.730000	0.469727
70.850000	0.484375
70.970000	0.498047
71.090000	0.513672
71.210000	0.534180
71.330000	0.549805
71.450000	0.566406
71.570000	0.583984
71.690000	0.598633
71.810000	0.616211
71.930000	0.633789
72.060000	0.652344
72.180000	0.670898
72.300000	0.689453
72.420000	0.708984
72.540000	0.726562
72.660000	0.746094
72.780000	0.765625
72.900000	0.786133
73.020000	0.805664
73.140000	0.825195
73.260000	0.843750
73.380000	0.863281
73.500000	0.879883
73.620000	0.897461
73.740000	0.913086
73.860000	0.925781
73.990000	0.933594
74.110000	0.937500
74.230000	0.936523
74.340000	0.936523
74.460000	0.933594
74.580000	0.933594
74.700000	0.932617
74.820000	0.930664
74.940000	0.929687
75.060000	0.928711
75.180000	0.927734
75.300000	0.927734
75.410000	0.926758
75.530000	0.926758
75.650000	0.926758
75.770000	0.925781
75.890000	0.924805
76.010000	0.923828
76.130000	0.923828
76.240000	0.923828
76.360000	0.922852
76.480000	0.922852
76.600000	0.922852
76.710000	0.921875
76.830000	0.920898
76.950000	0.920898
77.070000	0.920898
77.190000	0.919922
77.300000	0.919922
77.420000	0.918945
77.540000	0.918945
77.660000	0.917969
77.780000	0.917969
77.890000	0.917969
78.010000	0.916016
78.130000	0.916016
78.250000	0.916016
78.370000	0.915039
78.480000	0.916016
78.600000	0.916016
78.720000	0.915039
78.830000	0.914062
78.960000	0.914062
79.070000	0.914062
79.190000	0.915039
79.310000	0.913086
79.430000	0.912109
79.550000	0.913086
79.670000	0.912109
79.790000	0.913086
79.910000	0.912109
80.030000	0.911133
80.150000	0.912109
80.270000	0.912109
80.380000	0.910156
80.500000	0.910156
80.620000	0.910156
80.740000	0.910156
80.860000	0.909180
80.970000	0.910156
81.090000	0.909180
81.210000	0.909180
81.330000	0.908203
81.440000	0.909180
81.560000	0.907227
81.680000	0.907227
81.800000	0.907227
81.920000	0.907227
82.030000	0.908203
82.150000	0.907227
82.270000	0.907227
82.390000	0.905273
82.510000	0.906250
82.630000	0.904297
82.750000	0.905273
82.870000	0.905273
82.980000	0.905273
83.100000	0.905273
83.220000	0.905273
83.340000	0.904297
83.460000	0.904297
83.570000	0.904297
83.690000	0.903320
83.810000	0.905273
83.930000	0.904297
84.050000	0.903320
84.170000	0.904297
84.290000	0.904297
84.400000	0.903320
84.520000	0.902344
84.640000	0.903320
84.760000	0.902344
84.880000	0.902344
85.000000	0.902344
85.120000	0.901367
85.230000	0.902344
85.350000	0.901367
85.470000	0.901367
85.580000	0.902344
85.700000	0.902344
85.820000	0.901367
85.940000	0.901367
86.050000	0.901367
86.170000	0.901367
86.290000	0.901367
86.410000	0.900391
86.530000	0.901367
86.640000	0.900391
86.760000	0.900391
86.880000	0.900391
87.000000	0.900391
87.120000	0.900391
87.230000	0.899414
87.350000	0.899414
87.470000	0.900391
87.590000	0.899414
87.700000	0.899414
87.820000	0.899414
87.940000	0.900391
88.060000	0.898437
88.180000	0.899414
88.300000	0.899414
88.410000	0.898437
88.530000	0.899414
88.650000	0.899414
88.770000	0.898437
88.890000	0.897461
89.010000	0.898437
89.130000	0.896484
89.240000	0.898437
89.350000	0.897461
89.460000	0.897461
89.570000	0.897461
