30.070000	0.783203
30.190000	0.785156
30.300000	0.779297
30.410000	0.774414
30.520000	0.773437
30.630000	0.766602
30.750000	0.767578
30.860000	0.762695
30.970000	0.759766
31.080000	0.757812
31.200000	0.750977
31.310000	0.749023
31.420000	0.747070
31.530000	0.741211
31.640000	0.740234
31.750000	0.735352
31.870000	0.730469
31.980000	0.729492
32.090000	0.722656
32.200000	0.720703
32.320000	0.713867
32.430000	0.711914
32.540000	0.710937
32.650000	0.704102
32.770000	0.702148
32.880000	0.695312
32.990000	0.696289
33.100000	0.689453
33.220000	0.686523
33.330000	0.684570
33.440000	0.676758
33.550000	0.677734
33.660000	0.669922
33.780000	0.668945
33.890000	0.666016
34.000000	0.659180
34.110000	0.658203
34.220000	0.654297
34.340000	0.648437
34.450000	0.647461
34.560000	0.639648
34.670000	0.639648
34.790000	0.628906
34.900000	0.628906
35.010000	0.627930
35.120000	0.619141
35.240000	0.618164
35.350000	0.611328
35.460000	0.608398
35.570000	0.604492
35.680000	0.597656
35.800000	0.598633
35.910000	0.591797
36.020000	0.591797
36.130000	0.585937
36.250000	0.581055
36.360000	0.579102
36.470000	0.572266
36.580000	0.571289
36.690000	0.565430
36.810000	0.561523
36.920000	0.559570
37.030000	0.552734
37.140000	0.550781
37.250000	0.545898
37.370000	0.539062
37.480000	0.538086
37.590000	0.530273
37.700000	0.529297
37.820000	0.519531
37.930000	0.517578
38.040000	0.512695
38.150000	0.507812
38.270000	0.507812
38.380000	0.500000
38.490000	0.500000
38.600000	0.493164
38.720000	0.491211
38.830000	0.487305
38.940000	0.480469
39.050000	0.479492
39.160000	0.473633
39.280000	0.469727
39.390000	0.465820
39.500000	0.458984
39.610000	0.458008
39.730000	0.449219
39.840000	0.448242
39.950000	0.445313
40.060000	0.437500
40.170000	0.437500
40.290000	0.427734
40.400000	0.425781
40.510000	0.423828
40.620000	0.416016
40.730000	0.415039
40.850000	0.407227
40.960000	0.403320
41.070000	0.403320
41.180000	0.394531
41.300000	0.394531
41.410000	0.387695
41.520000	0.381836
41.630000	0.380859
41.750000	0.375977
41.860000	0.373047
41.970000	0.367188
42.080000	0.365234
42.190000	0.360352
42.310000	0.355469
42.420000	0.353516
42.530000	0.344727
42.640000	0.344727
42.760000	0.335938
42.870000	0.334961
42.980000	0.331055
43.090000	0.324219
43.210000	0.321289
43.320000	0.315430
43.430000	0.312500
43.540000	0.307617
43.660000	0.306641
43.770000	0.300781
43.880000	0.293945
43.990000	0.294922
44.110000	0.288086
44.220000	0.288086
44.330000	0.283203
44.440000	0.280273
44.560000	0.273438
44.670000	0.269531
44.780000	0.267578
44.890000	0.261719
45.010000	0.259766
45.120000	0.253906
45.230000	0.250000
45.340000	0.245117
45.450000	0.241211
45.570000	0.239258
45.680000	0.234375
45.790000	0.231445
45.900000	0.225586
46.020000	0.224609
46.130000	0.220703
46.240000	0.213867
46.350000	0.211914
46.460000	0.208008
46.580000	0.205078
46.690000	0.200195
46.800000	0.194336
46.910000	0.192383
47.030000	0.186523
47.140000	0.185547
47.250000	0.179688
47.360000	0.176758
47.480000	0.172852
47.590000	0.167969
47.700000	0.165039
47.810000	0.161133
47.920000	0.158203
48.040000	0.155273
48.150000	0.151367
48.260000	0.147461
48.370000	0.142578
48.490000	0.141602
48.600000	0.137695
48.710000	0.131836
48.820000	0.130859
48.940000	0.125977
49.050000	0.123047
49.160000	0.120117
49.270000	0.117188
49.380000	0.113281
49.500000	0.111328
49.610000	0.107422
49.720000	0.104492
49.830000	0.101563
49.950000	0.096680
50.060000	0.093750
50.170000	0.091797
50.280000	0.087891
50.400000	0.083984
50.510000	0.082031
50.620000	0.078125
50.730000	0.075195
50.840000	0.072266
50.960000	0.070313
51.070000	0.067383
51.180000	0.064453
51.290000	0.062500
51.400000	0.059570
51.520000	0.056641
51.630000	0.054688
51.740000	0.051758
51.850000	0.049805
51.970000	0.046875
52.080000	0.043945
52.190000	0.041992
52.300000	0.039063
52.420000	0.037109
52.530000	0.035156
52.640000	0.033203
52.750000	0.031250
52.860000	0.029297
52.980000	0.027344
53.090000	0.026367
53.200000	0.024414
53.310000	0.021484
53.430000	0.020508
53.540000	0.018555
53.650000	0.016602
53.760000	0.016602
53.880000	0.014648
53.990000	0.013672
54.100000	0.011719
54.210000	0.010742
54.320000	0.008789
54.440000	0.008789
54.550000	0.007813
54.660000	0.006836
54.770000	0.005859
54.890000	0.004883
55.000000	0.003906
55.110000	0.002930
55.220000	0.002930
55.340000	0.002930
55.450000	0.001953
55.560000	0.001953
55.670000	0.001953
55.780000	0.001953
55.900000	0.001953
56.010000	0.001953
56.120000	0.001953
56.230000	0.001953
56.340000	0.001953
56.460000	0.002930
56.570000	0.003906
56.680000	0.003906
56.790000	0.004883
56.900000	0.005859
57.020000	0.005859
57.130000	0.007813
57.240000	0.008789
57.350000	0.009766
57.470000	0.010742
57.580000	0.013672
57.690000	0.014648
57.800000	0.016602
57.910000	0.017578
58.030000	0.019531
58.140000	0.022461
58.250000	0.023437
58.360000	0.025391
58.480000	0.028320
58.590000	0.030273
58.700000	0.032227
58.810000	0.035156
58.920000	0.038086
59.040000	0.041016
59.150000	0.043945
59.260000	0.047852
59.370000	0.050781
59.490000	0.055664
59.600000	0.058594
59.710000	0.062500
59.820000	0.066406
59.940000	0.071289
60.050000	0.076172
60.160000	0.079102
60.270000	0.085937
60.390000	0.089844
60.500000	0.093750
60.610000	0.099609
60.720000	0.105469
60.840000	0.111328
60.950000	0.116211
61.060000	0.122070
61.170000	0.128906
61.280000	0.134766
61.400000	0.141602
61.510000	0.148438
61.620000	0.156250
61.730000	0.162109
61.850000	0.170898
61.960000	0.176758
62.070000	0.183594
62.180000	0.192383
62.300000	0.199219
62.410000	0.210938
62.520000	0.216797
62.630000	0.226563
62.740000	0.235352
62.860000	0.243164
62.970000	0.254883
63.080000	0.263672
63.190000	0.273438
63.310000	0.280273
63.420000	0.291992
63.530000	0.305664
63.640000	0.311523
63.750000	0.326172
63.870000	0.335938
63.980000	0.345703
64.090000	0.359375
64.200000	0.370117
64.320000	0.384766
64.430000	0.395508
64.540000	0.408203
64.650000	0.421875
64.770000	0.438477
64.880000	0.452148
64.990000	0.461914
65.100000	0.481445
65.220000	0.491211
65.330000	0.510742
65.440000	0.524414
65.550000	0.540039
65.660000	0.557617
65.780000	0.570312
65.890000	0.589844
66.000000	0.605469
66.110000	0.621094
66.230000	0.636719
66.340000	0.654297
66.450000	0.674805
66.560000	0.690430
66.670000	0.709961
66.790000	0.728516
66.900000	0.747070
67.010000	0.768555
67.120000	0.786133
67.240000	0.810547
67.350000	0.828125
67.460000	0.846680
67.570000	0.868164
67.680000	0.885742
67.800000	0.904297
67.910000	0.917969
68.020000	0.931641
68.130000	0.938477
68.250000	0.940430
68.360000	0.939453
68.470000	0.936523
68.580000	0.934570
68.700000	0.934570
68.810000	0.933594
68.920000	0.932617
69.030000	0.930664
69.150000	0.929687
69.260000	0.929687
69.370000	0.928711
69.480000	0.927734
69.600000	0.926758
69.710000	0.927734
69.820000	0.926758
69.930000	0.926758
70.040000	0.925781
70.160000	0.925781
70.270000	0.924805
70.380000	0.924805
70.490000	0.924805
70.610000	0.922852
70.720000	0.922852
70.830000	0.922852
70.940000	0.922852
71.050000	0.921875
71.170000	0.922852
71.280000	0.922852
71.390000	0.920898
71.500000	0.920898
71.610000	0.920898
71.730000	0.919922
71.840000	0.919922
71.950000	0.919922
72.060000	0.919922
72.180000	0.916992
72.290000	0.918945
72.400000	0.918945
72.510000	0.916016
72.620000	0.917969
72.740000	0.917969
72.850000	0.916992
72.960000	0.917969
73.070000	0.916992
73.190000	0.916992
73.300000	0.916016
73.410000	0.916992
73.520000	0.916016
73.640000	0.916016
73.750000	0.916016
73.860000	0.915039
73.970000	0.915039
74.080000	0.915039
74.200000	0.915039
74.310000	0.914062
74.420000	0.914062
74.530000	0.915039
74.640000	0.915039
74.760000	0.912109
74.870000	0.913086
74.980000	0.913086
75.090000	0.912109
75.200000	0.912109
75.320000	0.913086
75.430000	0.912109
75.540000	0.912109
75.650000	0.913086
75.770000	0.912109
75.880000	0.912109
75.990000	0.911133
76.100000	0.912109
76.210000	0.911133
76.330000	0.910156
76.440000	0.911133
76.550000	0.910156
76.660000	0.910156
76.780000	0.911133
76.890000	0.910156
77.000000	0.910156
77.110000	0.910156
77.230000	0.909180
77.340000	0.909180
77.450000	0.908203
77.560000	0.909180
77.680000	0.907227
77.790000	0.909180
77.900000	0.908203
78.010000	0.908203
78.120000	0.908203
78.240000	0.908203
78.350000	0.908203
78.460000	0.908203
78.570000	0.907227
78.690000	0.907227
78.800000	0.907227
78.910000	0.906250
79.020000	0.906250
79.140000	0.906250
79.250000	0.907227
79.360000	0.906250
79.470000	0.906250
79.580000	0.906250
79.700000	0.905273
79.810000	0.905273
79.920000	0.905273
80.030000	0.906250
80.150000	0.904297
80.260000	0.905273
80.370000	0.905273
80.480000	0.905273
80.590000	0.904297
80.710000	0.905273
80.820000	0.905273
80.930000	0.904297
81.040000	0.904297
81.150000	0.905273
81.270000	0.904297
81.380000	0.903320
81.490000	0.904297
81.600000	0.904297
81.720000	0.903320
81.830000	0.903320
81.940000	0.903320
82.050000	0.902344
82.160000	0.903320
82.280000	0.902344
82.390000	0.903320
82.500000	0.903320
82.610000	0.903320
82.730000	0.901367
82.840000	0.902344
82.950000	0.902344
83.060000	0.902344
83.170000	0.902344
83.290000	0.903320
83.400000	0.902344
83.510000	0.901367
83.620000	0.901367
83.740000	0.901367
83.850000	0.901367
83.960000	0.901367
84.070000	0.901367
84.180000	0.901367
84.300000	0.901367
84.410000	0.901367
84.520000	0.901367
84.630000	0.900391
84.740000	0.900391
84.860000	0.900391
84.970000	0.900391
85.080000	0.900391
85.190000	0.900391
85.310000	0.898437
85.420000	0.900391
85.530000	0.900391
85.640000	0.899414
85.750000	0.900391
85.870000	0.899414
85.980000	0.900391
86.090000	0.899414
86.200000	0.900391
86.320000	0.899414
86.430000	0.899414
86.540000	0.899414
86.650000	0.900391
86.760000	0.900391
86.880000	0.899414
86.990000	0.898437
87.100000	0.898437
87.210000	0.898437
87.330000	0.899414
87.440000	0.900391
87.550000	0.899414
87.660000	0.900391
87.770000	0.900391
87.890000	0.901367
88.000000	0.904297
88.110000	0.907227
88.220000	0.914062
88.340000	0.916016
88.450000	0.902344
88.560000	0.897461
88.670000	0.896484
88.780000	0.897461
88.900000	0.896484
89.010000	0.897461
89.120000	0.897461
89.230000	0.897461
89.350000	0.896484
89.460000	0.897461
89.570000	0.897461
