30.070000	0.818359
30.200000	0.816406
30.330000	0.812500
30.450000	0.809570
30.570000	0.804687
30.690000	0.805664
30.810000	0.801758
30.930000	0.796875
31.050000	0.793945
31.170000	0.790039
31.290000	0.786133
31.410000	0.783203
31.540000	0.772461
31.660000	0.771484
31.770000	0.771484
31.890000	0.762695
32.010000	0.763672
32.130000	0.759766
32.250000	0.754883
32.370000	0.751953
32.490000	0.748047
32.610000	0.744141
32.730000	0.740234
32.850000	0.735352
32.970000	0.731445
33.100000	0.725586
33.210000	0.723633
33.340000	0.717773
33.460000	0.713867
33.580000	0.708984
33.700000	0.705078
33.820000	0.700195
33.940000	0.696289
34.060000	0.693359
34.180000	0.688477
34.300000	0.684570
34.420000	0.680664
34.540000	0.675781
34.660000	0.670898
34.780000	0.667969
34.900000	0.664062
35.020000	0.660156
35.140000	0.655273
35.260000	0.651367
35.380000	0.646484
35.500000	0.642578
35.630000	0.639648
35.750000	0.635742
35.870000	0.629883
35.990000	0.626953
36.110000	0.623047
36.230000	0.618164
36.350000	0.614258
36.470000	0.608398
36.590000	0.605469
36.710000	0.601562
36.830000	0.590820
36.950000	0.587891
37.070000	0.582031
37.190000	0.578125
37.310000	0.574219
37.430000	0.568359
37.550000	0.564453
37.680000	0.565430
37.800000	0.560547
37.920000	0.556641
38.040000	0.551758
38.160000	0.547852
38.280000	0.542969
38.400000	0.538086
38.520000	0.533203
38.640000	0.523437
38.760000	0.518555
38.880000	0.514648
39.000000	0.510742
39.120000	0.504883
39.250000	0.503906
39.370000	0.499023
39.480000	0.491211
39.610000	0.490234
39.730000	0.487305
39.850000	0.481445
39.970000	0.478516
40.090000	0.473633
40.210000	0.470703
40.330000	0.463867
40.450000	0.459961
40.570000	0.455078
40.690000	0.450195
40.810000	0.443359
40.930000	0.437500
41.050000	0.434570
41.170000	0.429688
41.290000	0.424805
41.420000	0.417969
41.540000	0.413086
41.660000	0.409180
41.780000	0.405273
41.900000	0.399414
42.020000	0.394531
42.140000	0.390625
42.260000	0.385742
42.380000	0.381836
42.500000	0.376953
42.620000	0.373047
42.740000	0.371094
42.860000	0.366211
42.980000	0.361328
43.100000	0.356445
43.220000	0.352539
43.340000	0.347656
43.460000	0.342773
43.580000	0.337891
43.700000	0.333984
43.830000	0.326172
43.950000	0.322266
44.070000	0.317383
44.190000	0.312500
44.310000	0.310547
44.430000	0.306641
44.550000	0.302734
44.670000	0.297852
44.790000	0.293945
44.910000	0.290039
45.030000	0.286133
45.150000	0.283203
45.270000	0.279297
45.390000	0.274414
45.510000	0.270508
45.630000	0.265625
45.750000	0.261719
45.870000	0.257813
45.990000	0.251953
46.110000	0.249023
46.230000	0.245117
46.350000	0.240234
46.480000	0.233398
46.600000	0.230469
46.720000	0.225586
46.830000	0.222656
46.960000	0.215820
47.080000	0.210938
47.200000	0.208008
47.320000	0.204102
47.440000	0.199219
47.560000	0.195312
47.680000	0.190430
47.800000	0.186523
47.920000	0.181641
48.040000	0.180664
48.160000	0.175781
48.280000	0.171875
48.400000	0.167969
48.520000	0.163086
48.640000	0.160156
48.760000	0.155273
48.880000	0.151367
49.000000	0.149414
49.120000	0.145508
49.240000	0.142578
49.360000	0.138672
49.480000	0.133789
49.600000	0.129883
49.720000	0.126953
49.840000	0.123047
49.970000	0.118164
50.090000	0.114258
50.210000	0.110352
50.330000	0.108398
50.450000	0.104492
50.570000	0.100586
50.690000	0.097656
50.810000	0.094727
50.930000	0.090820
51.050000	0.086914
51.170000	0.083984
51.290000	0.080078
51.410000	0.078125
51.530000	0.075195
51.650000	0.072266
51.770000	0.069336
51.890000	0.066406
52.020000	0.062500
52.140000	0.059570
52.260000	0.056641
52.380000	0.053711
52.500000	0.051758
52.620000	0.048828
52.740000	0.046875
52.860000	0.043945
52.980000	0.041992
53.100000	0.039063
53.220000	0.036133
53.340000	0.035156
53.470000	0.032227
53.590000	0.030273
53.710000	0.028320
53.830000	0.026367
53.950000	0.023437
54.070000	0.022461
54.190000	0.019531
54.310000	0.018555
54.430000	0.016602
54.550000	0.015625
54.680000	0.013672
54.800000	0.011719
54.920000	0.011719
55.030000	0.008789
55.160000	0.008789
55.270000	0.007813
55.400000	0.006836
55.520000	0.006836
55.630000	0.004883
55.750000	0.004883
55.870000	0.003906
55.990000	0.002930
56.120000	0.002930
56.230000	0.002930
56.350000	0.002930
56.470000	0.002930
56.580000	0.001953
56.710000	0.002930
56.820000	0.002930
56.940000	0.001953
57.070000	0.002930
57.190000	0.003906
57.310000	0.004883
57.430000	0.004883
57.540000	0.006836
57.670000	0.007813
57.790000	0.008789
57.910000	0.008789
58.030000	0.010742
58.150000	0.012695
58.270000	0.014648
58.390000	0.015625
58.510000	0.016602
58.630000	0.019531
58.750000	0.021484
58.870000	0.024414
58.990000	0.026367
59.110000	0.028320
59.230000	0.031250
59.360000	0.035156
59.480000	0.039063
59.600000	0.041016
59.720000	0.044922
59.840000	0.047852
59.960000	0.051758
60.080000	0.055664
60.200000	0.060547
60.320000	0.064453
60.440000	0.068359
60.560000	0.073242
60.690000	0.079102
60.810000	0.083984
60.930000	0.088867
61.050000	0.094727
61.170000	0.099609
61.290000	0.105469
61.410000	0.112305
61.530000	0.118164
61.650000	0.124023
61.770000	0.130859
61.900000	0.138672
62.020000	0.145508
62.140000	0.153320
62.260000	0.161133
62.380000	0.168945
62.500000	0.176758
62.620000	0.185547
62.740000	0.194336
62.860000	0.203125
62.980000	0.211914
63.100000	0.219727
63.220000	0.229492
63.340000	0.239258
63.460000	0.250000
63.590000	0.260742
63.710000	0.270508
63.830000	0.282227
63.950000	0.291992
64.070000	0.304688
64.190000	0.318359
64.310000	0.329102
64.430000	0.341797
64.550000	0.354492
64.670000	0.366211
64.790000	0.379883
64.910000	0.392578
65.040000	0.406250
65.160000	0.420898
65.280000	0.435547
65.400000	0.450195
65.520000	0.465820
65.640000	0.482422
65.760000	0.499023
65.880000	0.515625
66.000000	0.532227
66.120000	0.548828
66.240000	0.567383
66.370000	0.582031
66.490000	0.598633
66.610000	0.618164
66.730000	0.636719
66.850000	0.656250
66.970000	0.674805
67.090000	0.696289
67.210000	0.714844
67.330000	0.741211
67.450000	0.762695
67.570000	0.784180
67.700000	0.799805
67.810000	0.826172
67.930000	0.846680
68.050000	0.868164
68.170000	0.887695
68.300000	0.905273
68.420000	0.920898
68.540000	0.934570
68.660000	0.940430
68.780000	0.937500
68.900000	0.935547
69.020000	0.934570
69.140000	0.932617
69.260000	0.931641
69.380000	0.930664
69.500000	0.929687
69.610000	0.929687
69.730000	0.929687
69.850000	0.927734
69.970000	0.927734
70.090000	0.925781
70.210000	0.926758
70.320000	0.925781
70.440000	0.925781
70.560000	0.924805
70.680000	0.923828
70.800000	0.925781
70.920000	0.922852
71.050000	0.923828
71.160000	0.922852
71.280000	0.922852
71.400000	0.921875
71.520000	0.921875
71.640000	0.920898
71.750000	0.920898
71.870000	0.920898
71.990000	0.919922
72.100000	0.919922
72.220000	0.919922
72.340000	0.918945
72.460000	0.918945
72.580000	0.918945
72.700000	0.917969
72.810000	0.917969
72.930000	0.917969
73.050000	0.916992
73.170000	0.916992
73.280000	0.916992
73.400000	0.916016
73.520000	0.916016
73.640000	0.916016
73.750000	0.915039
73.870000	0.915039
73.990000	0.915039
74.100000	0.915039
74.220000	0.915039
74.340000	0.914062
74.460000	0.914062
74.580000	0.915039
74.700000	0.914062
74.820000	0.913086
74.940000	0.914062
75.060000	0.914062
75.170000	0.912109
75.290000	0.912109
75.410000	0.912109
75.530000	0.913086
75.650000	0.912109
75.770000	0.912109
75.890000	0.912109
76.000000	0.911133
76.120000	0.911133
76.240000	0.911133
76.360000	0.910156
76.480000	0.910156
76.590000	0.911133
76.710000	0.911133
76.830000	0.909180
76.950000	0.909180
77.070000	0.909180
77.190000	0.909180
77.300000	0.910156
77.420000	0.908203
77.540000	0.909180
77.660000	0.908203
77.770000	0.908203
77.890000	0.908203
78.010000	0.908203
78.120000	0.908203
78.240000	0.908203
78.360000	0.907227
78.480000	0.907227
78.600000	0.907227
78.710000	0.907227
78.830000	0.907227
78.950000	0.908203
79.070000	0.906250
79.190000	0.906250
79.310000	0.907227
79.420000	0.906250
79.540000	0.906250
79.660000	0.905273
79.780000	0.906250
79.900000	0.904297
80.020000	0.906250
80.140000	0.905273
80.260000	0.905273
80.380000	0.905273
80.490000	0.906250
80.610000	0.905273
80.730000	0.905273
80.850000	0.904297
80.970000	0.904297
81.090000	0.903320
81.210000	0.902344
81.330000	0.903320
81.450000	0.903320
81.560000	0.903320
81.680000	0.903320
81.800000	0.902344
81.920000	0.903320
82.040000	0.902344
82.160000	0.901367
82.270000	0.902344
82.390000	0.902344
82.510000	0.902344
82.630000	0.901367
82.740000	0.902344
82.860000	0.902344
82.980000	0.902344
83.100000	0.902344
83.210000	0.902344
83.330000	0.901367
83.440000	0.902344
83.560000	0.901367
83.680000	0.901367
83.800000	0.900391
83.910000	0.901367
84.030000	0.901367
84.150000	0.900391
84.270000	0.901367
84.390000	0.900391
84.510000	0.900391
84.630000	0.900391
84.740000	0.901367
84.860000	0.901367
84.980000	0.899414
85.100000	0.899414
85.220000	0.899414
85.340000	0.900391
85.450000	0.900391
85.570000	0.900391
85.690000	0.899414
85.810000	0.899414
85.920000	0.899414
86.040000	0.899414
86.160000	0.899414
86.280000	0.900391
86.390000	0.899414
86.510000	0.899414
86.630000	0.899414
86.750000	0.899414
86.860000	0.899414
86.980000	0.898437
87.100000	0.897461
87.220000	0.898437
87.340000	0.898437
87.450000	0.896484
87.570000	0.897461
87.690000	0.897461
87.800000	0.898437
87.920000	0.897461
88.040000	0.897461
88.160000	0.898437
88.280000	0.896484
88.390000	0.897461
88.510000	0.897461
88.630000	0.898437
88.750000	0.897461
88.860000	0.897461
88.980000	0.897461
89.100000	0.897461
89.220000	0.897461
89.330000	0.897461
89.450000	0.898437
89.570000	0.897461
