30.080000	0.912109
30.210000	0.911133
30.330000	0.912109
30.450000	0.912109
30.570000	0.913086
30.690000	0.912109
30.810000	0.911133
30.930000	0.909180
31.060000	0.909180
31.170000	0.907227
31.290000	0.906250
31.420000	0.904297
31.540000	0.904297
31.660000	0.903320
31.770000	0.900391
31.900000	0.898437
32.020000	0.896484
32.130000	0.894531
32.260000	0.892578
32.380000	0.889648
32.500000	0.886719
32.620000	0.884766
32.750000	0.881836
32.870000	0.877930
32.990000	0.875000
33.110000	0.873047
33.230000	0.870117
33.350000	0.866211
33.480000	0.864258
33.600000	0.861328
33.720000	0.855469
33.850000	0.852539
33.970000	0.849609
34.090000	0.844727
34.210000	0.839844
34.340000	0.837891
34.460000	0.833984
34.580000	0.830078
34.710000	0.824219
34.830000	0.821289
34.950000	0.816406
35.070000	0.811523
35.190000	0.809570
35.320000	0.803711
35.440000	0.799805
35.560000	0.795898
35.680000	0.791992
35.810000	0.790039
35.930000	0.785156
36.050000	0.780273
36.170000	0.772461
36.300000	0.770508
36.420000	0.765625
36.540000	0.761719
36.660000	0.756836
36.780000	0.751953
36.910000	0.747070
37.030000	0.742187
37.150000	0.740234
37.270000	0.737305
37.400000	0.730469
37.520000	0.722656
37.640000	0.720703
37.770000	0.714844
37.890000	0.710937
38.010000	0.704102
38.130000	0.699219
38.260000	0.699219
38.380000	0.694336
38.500000	0.689453
38.620000	0.684570
38.740000	0.675781
38.870000	0.673828
38.990000	0.669922
39.110000	0.663086
39.230000	0.659180
39.360000	0.652344
39.480000	0.647461
39.600000	0.643555
39.720000	0.641602
39.850000	0.631836
39.970000	0.626953
40.090000	0.626953
40.210000	0.623047
40.340000	0.615234
40.460000	0.610352
40.580000	0.604492
40.700000	0.600586
40.830000	0.598633
40.950000	0.592773
41.070000	0.583008
41.190000	0.579102
41.320000	0.576172
41.440000	0.571289
41.560000	0.566406
41.680000	0.561523
41.810000	0.551758
41.930000	0.546875
42.050000	0.547852
42.170000	0.543945
42.300000	0.535156
42.420000	0.530273
42.540000	0.525391
42.670000	0.522461
42.790000	0.512695
42.910000	0.507812
43.040000	0.505859
43.160000	0.500977
43.280000	0.494141
43.400000	0.489258
43.530000	0.481445
43.650000	0.482422
43.770000	0.476563
43.890000	0.471680
44.020000	0.461914
44.140000	0.461914
44.270000	0.454102
44.390000	0.449219
44.510000	0.443359
44.630000	0.437500
44.750000	0.433594
44.880000	0.430664
45.000000	0.425781
45.120000	0.420898
45.240000	0.412109
45.360000	0.410156
45.490000	0.405273
45.610000	0.399414
45.730000	0.392578
45.860000	0.385742
45.980000	0.383789
46.100000	0.382812
46.220000	0.377930
46.340000	0.373047
46.470000	0.365234
46.590000	0.360352
46.710000	0.359375
46.840000	0.352539
46.960000	0.346680
47.080000	0.340820
47.200000	0.336914
47.320000	0.333984
47.450000	0.328125
47.570000	0.322266
47.690000	0.315430
47.810000	0.310547
47.940000	0.308594
48.060000	0.303711
48.180000	0.296875
48.300000	0.292969
48.420000	0.287109
48.550000	0.284180
48.670000	0.278320
48.790000	0.276367
48.910000	0.271484
49.030000	0.265625
49.150000	0.259766
49.280000	0.254883
49.400000	0.251953
49.520000	0.248047
49.640000	0.243164
49.770000	0.235352
49.890000	0.230469
50.010000	0.228516
50.130000	0.224609
50.260000	0.218750
50.380000	0.213867
50.500000	0.209961
50.620000	0.206055
50.740000	0.201172
50.870000	0.196289
50.990000	0.192383
51.110000	0.186523
51.230000	0.183594
51.360000	0.178711
51.480000	0.175781
51.600000	0.170898
51.720000	0.166992
51.840000	0.163086
51.970000	0.158203
52.090000	0.154297
52.220000	0.149414
52.340000	0.145508
52.460000	0.142578
52.590000	0.139648
52.710000	0.135742
52.830000	0.131836
52.950000	0.126953
53.070000	0.123047
53.200000	0.120117
53.320000	0.116211
53.440000	0.112305
53.570000	0.109375
53.690000	0.106445
53.810000	0.102539
53.930000	0.099609
54.060000	0.095703
54.180000	0.093750
54.300000	0.089844
54.430000	0.085937
54.550000	0.083008
54.670000	0.080078
54.800000	0.078125
54.920000	0.075195
55.040000	0.071289
55.160000	0.069336
55.290000	0.067383
55.410000	0.064453
55.540000	0.061523
55.650000	0.058594
55.780000	0.056641
55.900000	0.054688
56.020000	0.052734
56.150000	0.049805
56.270000	0.047852
56.400000	0.045898
56.520000	0.043945
56.640000	0.041992
56.770000	0.040039
56.890000	0.038086
57.010000	0.037109
57.140000	0.036133
57.260000	0.035156
57.380000	0.033203
57.510000	0.032227
57.630000	0.032227
57.750000	0.030273
57.870000	0.030273
57.990000	0.029297
58.110000	0.028320
58.240000	0.027344
58.360000	0.028320
58.480000	0.027344
58.610000	0.027344
58.730000	0.027344
58.850000	0.027344
58.960000	0.028320
59.090000	0.028320
59.210000	0.029297
59.330000	0.029297
59.450000	0.029297
59.570000	0.030273
59.690000	0.031250
59.810000	0.033203
59.940000	0.034180
60.060000	0.035156
60.180000	0.037109
60.310000	0.039063
60.430000	0.041016
60.560000	0.042969
60.680000	0.044922
60.800000	0.047852
60.930000	0.048828
61.050000	0.052734
61.170000	0.055664
61.300000	0.058594
61.420000	0.061523
61.540000	0.064453
61.670000	0.068359
61.790000	0.072266
61.910000	0.076172
62.040000	0.081055
62.160000	0.084961
62.280000	0.088867
62.410000	0.092773
62.530000	0.098633
62.650000	0.103516
62.780000	0.107422
62.900000	0.114258
63.020000	0.120117
63.150000	0.125000
63.270000	0.130859
63.390000	0.137695
63.520000	0.144531
63.640000	0.152344
63.760000	0.157227
63.890000	0.164063
64.010000	0.172852
64.130000	0.179688
64.260000	0.187500
64.380000	0.193359
64.500000	0.203125
64.620000	0.213867
64.750000	0.221680
64.870000	0.231445
64.990000	0.241211
65.120000	0.251953
65.240000	0.258789
65.370000	0.272461
65.490000	0.280273
65.610000	0.291016
65.740000	0.305664
65.860000	0.315430
65.980000	0.327148
66.110000	0.338867
66.230000	0.353516
66.350000	0.366211
66.480000	0.376953
66.600000	0.393555
66.730000	0.406250
66.850000	0.418945
66.970000	0.432617
67.090000	0.447266
67.220000	0.465820
67.340000	0.476563
67.460000	0.492188
67.590000	0.512695
67.710000	0.527344
67.830000	0.543945
67.960000	0.560547
68.080000	0.581055
68.200000	0.598633
68.330000	0.614258
68.450000	0.636719
68.580000	0.655273
68.700000	0.673828
68.820000	0.693359
68.940000	0.712891
69.060000	0.733398
69.190000	0.756836
69.310000	0.774414
69.440000	0.798828
69.560000	0.819336
69.680000	0.838867
69.810000	0.860352
69.930000	0.877930
70.050000	0.894531
70.180000	0.906250
70.300000	0.913086
70.420000	0.911133
70.540000	0.908203
70.670000	0.906250
70.790000	0.906250
70.910000	0.903320
71.030000	0.903320
71.150000	0.903320
71.270000	0.902344
71.390000	0.901367
71.510000	0.900391
71.630000	0.900391
71.750000	0.899414
71.870000	0.898437
71.990000	0.898437
72.110000	0.898437
72.230000	0.897461
72.350000	0.897461
72.470000	0.897461
72.590000	0.896484
72.710000	0.895508
72.830000	0.895508
72.950000	0.895508
73.070000	0.894531
73.190000	0.893555
73.310000	0.893555
73.430000	0.892578
73.550000	0.892578
73.670000	0.892578
73.790000	0.892578
73.910000	0.892578
74.030000	0.890625
74.150000	0.891602
74.260000	0.892578
74.390000	0.891602
74.510000	0.889648
74.620000	0.890625
74.740000	0.889648
74.860000	0.889648
74.980000	0.889648
75.100000	0.889648
75.220000	0.888672
75.340000	0.888672
75.460000	0.888672
75.580000	0.887695
75.700000	0.887695
75.820000	0.886719
75.940000	0.887695
76.060000	0.886719
76.180000	0.886719
76.300000	0.885742
76.420000	0.885742
76.540000	0.886719
76.660000	0.885742
76.780000	0.885742
76.900000	0.885742
77.020000	0.884766
77.140000	0.884766
77.260000	0.884766
77.380000	0.883789
77.500000	0.883789
77.620000	0.883789
77.740000	0.883789
77.860000	0.883789
77.980000	0.883789
78.100000	0.881836
78.210000	0.881836
78.330000	0.881836
78.450000	0.881836
78.570000	0.881836
78.690000	0.882812
78.810000	0.881836
78.930000	0.881836
79.050000	0.880859
79.170000	0.881836
79.290000	0.880859
79.410000	0.880859
79.530000	0.880859
79.650000	0.879883
79.770000	0.880859
79.890000	0.880859
80.010000	0.879883
80.130000	0.879883
80.250000	0.879883
80.370000	0.879883
80.490000	0.879883
80.610000	0.878906
80.730000	0.878906
80.850000	0.878906
80.970000	0.877930
81.090000	0.877930
81.210000	0.877930
81.320000	0.878906
81.440000	0.878906
81.560000	0.877930
81.680000	0.878906
81.800000	0.877930
81.920000	0.876953
82.040000	0.876953
82.160000	0.876953
82.280000	0.876953
82.400000	0.876953
82.520000	0.875977
82.640000	0.876953
82.760000	0.876953
82.880000	0.876953
83.000000	0.876953
83.120000	0.876953
83.240000	0.876953
83.360000	0.875977
83.480000	0.876953
83.600000	0.875977
83.720000	0.875977
83.840000	0.875977
83.960000	0.875977
84.080000	0.875000
84.200000	0.875000
84.320000	0.875000
84.440000	0.875000
84.560000	0.875000
84.680000	0.875000
84.800000	0.875000
84.920000	0.875000
85.040000	0.874023
85.160000	0.874023
85.280000	0.875000
85.400000	0.875000
85.510000	0.874023
85.630000	0.874023
85.750000	0.873047
85.870000	0.873047
85.990000	0.873047
86.110000	0.873047
86.230000	0.873047
86.350000	0.873047
86.470000	0.872070
86.590000	0.873047
86.720000	0.873047
86.830000	0.873047
86.960000	0.873047
87.070000	0.873047
87.200000	0.872070
87.320000	0.872070
87.440000	0.873047
87.570000	0.872070
87.690000	0.872070
87.810000	0.872070
87.930000	0.872070
88.050000	0.872070
88.170000	0.871094
88.290000	0.871094
88.410000	0.872070
88.530000	0.871094
88.650000	0.871094
88.770000	0.872070
88.890000	0.872070
89.000000	0.873047
89.130000	0.874023
89.250000	0.877930
89.370000	0.883789
89.500000	0.888672
89.620000	0.878906
