30.070000	0.892578
30.200000	0.891602
30.320000	0.887695
30.440000	0.883789
30.560000	0.881836
30.680000	0.876953
30.800000	0.873047
30.920000	0.870117
31.040000	0.865234
31.160000	0.860352
31.280000	0.856445
31.400000	0.853516
31.520000	0.849609
31.640000	0.843750
31.760000	0.839844
31.880000	0.836914
32.000000	0.833008
32.120000	0.827148
32.240000	0.828125
32.360000	0.820312
32.480000	0.816406
32.600000	0.812500
32.720000	0.811523
32.840000	0.806641
32.960000	0.799805
33.080000	0.798828
33.200000	0.791016
33.320000	0.790039
33.440000	0.785156
33.560000	0.782227
33.680000	0.778320
33.800000	0.772461
33.920000	0.768555
34.040000	0.764648
34.170000	0.756836
34.290000	0.751953
34.410000	0.748047
34.530000	0.743164
34.650000	0.739258
34.770000	0.735352
34.890000	0.730469
35.010000	0.725586
35.130000	0.720703
35.250000	0.717773
35.370000	0.711914
35.490000	0.708984
35.610000	0.706055
35.730000	0.701172
35.850000	0.696289
35.970000	0.692383
36.100000	0.689453
36.220000	0.683594
36.340000	0.679687
36.460000	0.674805
36.580000	0.668945
36.700000	0.666016
36.820000	0.662109
36.940000	0.657227
37.060000	0.653320
37.180000	0.647461
37.300000	0.643555
37.420000	0.633789
37.540000	0.628906
37.660000	0.625000
37.780000	0.620117
37.900000	0.615234
38.020000	0.610352
38.150000	0.610352
38.260000	0.600586
38.390000	0.601562
38.500000	0.592773
38.630000	0.590820
38.740000	0.583008
38.870000	0.582031
38.980000	0.573242
39.110000	0.573242
39.220000	0.564453
39.340000	0.557617
39.460000	0.554687
39.590000	0.553711
39.700000	0.544922
39.830000	0.542969
39.950000	0.538086
40.060000	0.531250
40.190000	0.528320
40.310000	0.523437
40.430000	0.518555
40.550000	0.513672
40.670000	0.509766
40.790000	0.503906
40.910000	0.499023
41.030000	0.495117
41.150000	0.489258
41.270000	0.480469
41.390000	0.475586
41.510000	0.470703
41.630000	0.465820
41.750000	0.460938
41.870000	0.456055
41.990000	0.451172
42.120000	0.450195
42.240000	0.446289
42.360000	0.441406
42.480000	0.439453
42.600000	0.431641
42.720000	0.427734
42.840000	0.423828
42.960000	0.419922
43.080000	0.412109
43.200000	0.407227
43.320000	0.402344
43.440000	0.397461
43.560000	0.389648
43.680000	0.384766
43.800000	0.379883
43.920000	0.375000
44.040000	0.371094
44.160000	0.365234
44.280000	0.362305
44.410000	0.358398
44.530000	0.354492
44.650000	0.350586
44.770000	0.346680
44.890000	0.341797
45.010000	0.336914
45.130000	0.333008
45.250000	0.328125
45.370000	0.323242
45.490000	0.318359
45.610000	0.313477
45.730000	0.309570
45.850000	0.305664
45.970000	0.300781
46.090000	0.294922
46.210000	0.291016
46.330000	0.286133
46.450000	0.281250
46.570000	0.275391
46.690000	0.272461
46.820000	0.265625
46.930000	0.262695
47.060000	0.255859
47.180000	0.251953
47.300000	0.247070
47.420000	0.243164
47.540000	0.240234
47.660000	0.236328
47.780000	0.230469
47.900000	0.225586
48.020000	0.222656
48.140000	0.218750
48.260000	0.214844
48.380000	0.208984
48.500000	0.204102
48.620000	0.200195
48.740000	0.196289
48.860000	0.192383
48.980000	0.187500
49.100000	0.182617
49.220000	0.178711
49.340000	0.174805
49.470000	0.170898
49.590000	0.166992
49.710000	0.163086
49.830000	0.160156
49.950000	0.155273
50.060000	0.151367
50.190000	0.148438
50.310000	0.144531
50.430000	0.141602
50.550000	0.136719
50.670000	0.132813
50.790000	0.128906
50.910000	0.125977
51.030000	0.121094
51.150000	0.118164
51.270000	0.115234
51.390000	0.112305
51.510000	0.108398
51.630000	0.104492
51.750000	0.100586
51.870000	0.098633
51.990000	0.094727
52.110000	0.091797
52.240000	0.086914
52.360000	0.084961
52.480000	0.083008
52.600000	0.079102
52.720000	0.076172
52.840000	0.074219
52.960000	0.071289
53.080000	0.069336
53.200000	0.065430
53.320000	0.063477
53.450000	0.061523
53.570000	0.058594
53.690000	0.055664
53.810000	0.054688
53.930000	0.051758
54.050000	0.049805
54.170000	0.047852
54.290000	0.045898
54.410000	0.043945
54.530000	0.041992
54.650000	0.040039
54.780000	0.038086
54.900000	0.038086
55.010000	0.036133
55.140000	0.034180
55.260000	0.033203
55.380000	0.032227
55.500000	0.030273
55.620000	0.030273
55.740000	0.029297
55.860000	0.028320
55.980000	0.028320
56.100000	0.027344
56.220000	0.027344
56.340000	0.026367
56.460000	0.026367
56.580000	0.026367
56.690000	0.026367
56.810000	0.025391
56.930000	0.026367
57.050000	0.026367
57.170000	0.027344
57.290000	0.028320
57.410000	0.029297
57.530000	0.029297
57.650000	0.030273
57.770000	0.031250
57.890000	0.033203
58.010000	0.035156
58.130000	0.036133
58.250000	0.038086
58.370000	0.039063
58.490000	0.041016
58.610000	0.042969
58.740000	0.045898
58.860000	0.046875
58.980000	0.049805
59.100000	0.051758
59.220000	0.055664
59.340000	0.058594
59.460000	0.061523
59.580000	0.065430
59.700000	0.074219
59.820000	0.079102
59.940000	0.082031
60.060000	0.082031
60.180000	0.085937
60.300000	0.090820
60.430000	0.093750
60.550000	0.099609
60.670000	0.104492
60.790000	0.110352
60.910000	0.116211
61.030000	0.121094
61.150000	0.126953
61.270000	0.133789
61.390000	0.139648
61.510000	0.147461
61.630000	0.154297
61.750000	0.162109
61.870000	0.169922
61.990000	0.176758
62.120000	0.184570
62.230000	0.193359
62.360000	0.201172
62.480000	0.209961
62.600000	0.217773
62.720000	0.226563
62.840000	0.236328
62.960000	0.246094
63.080000	0.256836
63.200000	0.266602
63.320000	0.277344
63.450000	0.289062
63.570000	0.299805
63.690000	0.311523
63.810000	0.322266
63.930000	0.333984
64.050000	0.344727
64.170000	0.357422
64.290000	0.370117
64.410000	0.383789
64.530000	0.396484
64.650000	0.410156
64.770000	0.423828
64.890000	0.437500
65.010000	0.452148
65.130000	0.468750
65.250000	0.483398
65.370000	0.500000
65.490000	0.516602
65.610000	0.533203
65.740000	0.550781
65.860000	0.568359
65.980000	0.585937
66.100000	0.604492
66.220000	0.622070
66.340000	0.640625
66.460000	0.659180
66.580000	0.675781
66.700000	0.696289
66.820000	0.715820
66.950000	0.740234
67.070000	0.761719
67.190000	0.782227
67.310000	0.804687
67.430000	0.824219
67.550000	0.846680
67.670000	0.868164
67.790000	0.888672
67.910000	0.909180
68.030000	0.924805
68.150000	0.938477
68.270000	0.939453
68.390000	0.935547
68.500000	0.934570
68.630000	0.932617
68.750000	0.930664
68.870000	0.929687
68.980000	0.928711
69.100000	0.928711
69.220000	0.926758
69.340000	0.926758
69.450000	0.926758
69.570000	0.926758
69.690000	0.924805
69.810000	0.924805
69.930000	0.923828
70.050000	0.923828
70.170000	0.922852
70.280000	0.922852
70.400000	0.921875
70.520000	0.921875
70.640000	0.920898
70.750000	0.920898
70.870000	0.919922
70.990000	0.920898
71.110000	0.919922
71.220000	0.918945
71.340000	0.918945
71.460000	0.918945
71.580000	0.917969
71.700000	0.917969
71.810000	0.917969
71.930000	0.917969
72.050000	0.916992
72.170000	0.916992
72.290000	0.916016
72.400000	0.916016
72.520000	0.916016
72.640000	0.916016
72.760000	0.916016
72.870000	0.915039
72.990000	0.915039
73.110000	0.915039
73.220000	0.914062
73.350000	0.915039
73.470000	0.914062
73.590000	0.914062
73.710000	0.913086
73.820000	0.913086
73.940000	0.912109
74.060000	0.913086
74.180000	0.913086
74.290000	0.912109
74.420000	0.912109
74.540000	0.911133
74.650000	0.911133
74.770000	0.912109
74.890000	0.911133
75.000000	0.911133
75.120000	0.911133
75.240000	0.910156
75.360000	0.909180
75.470000	0.910156
75.590000	0.910156
75.710000	0.909180
75.820000	0.909180
75.940000	0.909180
76.060000	0.909180
76.180000	0.907227
76.300000	0.908203
76.420000	0.908203
76.530000	0.908203
76.650000	0.908203
76.770000	0.907227
76.890000	0.908203
77.010000	0.907227
77.130000	0.907227
77.240000	0.907227
77.360000	0.907227
77.480000	0.906250
77.600000	0.906250
77.710000	0.906250
77.830000	0.906250
77.950000	0.906250
78.060000	0.907227
78.180000	0.906250
78.300000	0.908203
78.420000	0.905273
78.540000	0.905273
78.660000	0.905273
78.770000	0.905273
78.890000	0.905273
79.010000	0.905273
79.130000	0.904297
79.250000	0.904297
79.370000	0.903320
79.480000	0.904297
79.600000	0.905273
79.720000	0.905273
79.840000	0.904297
79.960000	0.904297
80.080000	0.903320
80.200000	0.903320
80.310000	0.904297
80.430000	0.903320
80.550000	0.902344
80.670000	0.902344
80.790000	0.905273
80.910000	0.902344
81.030000	0.901367
81.150000	0.902344
81.260000	0.902344
81.380000	0.902344
81.500000	0.902344
81.620000	0.901367
81.730000	0.901367
81.850000	0.902344
81.970000	0.902344
82.090000	0.901367
82.200000	0.901367
82.320000	0.900391
82.440000	0.900391
82.560000	0.900391
82.680000	0.900391
82.790000	0.901367
82.910000	0.900391
83.030000	0.900391
83.150000	0.901367
83.270000	0.900391
83.390000	0.901367
83.510000	0.900391
83.630000	0.900391
83.740000	0.899414
83.860000	0.899414
83.980000	0.900391
84.100000	0.899414
84.210000	0.899414
84.330000	0.899414
84.450000	0.899414
84.570000	0.899414
84.680000	0.898437
84.800000	0.898437
84.920000	0.898437
85.040000	0.899414
85.160000	0.898437
85.280000	0.898437
85.400000	0.898437
85.510000	0.898437
85.630000	0.898437
85.750000	0.898437
85.870000	0.897461
85.980000	0.897461
86.100000	0.897461
86.220000	0.898437
86.330000	0.897461
86.450000	0.897461
86.570000	0.897461
86.690000	0.897461
86.800000	0.897461
86.920000	0.897461
87.040000	0.897461
87.160000	0.896484
87.270000	0.897461
87.390000	0.896484
87.510000	0.896484
87.630000	0.896484
87.740000	0.897461
87.860000	0.896484
87.980000	0.897461
88.090000	0.897461
88.210000	0.899414
88.330000	0.902344
88.450000	0.908203
88.570000	0.913086
88.690000	0.919922
88.810000	0.805664
88.930000	0.816406
89.050000	0.917969
89.180000	0.896484
89.300000	0.894531
89.420000	0.893555
89.540000	0.893555
