30.080000	0.912109
30.200000	0.911133
30.320000	0.911133
30.440000	0.913086
30.560000	0.913086
30.670000	0.912109
30.790000	0.912109
30.910000	0.910156
31.030000	0.910156
31.140000	0.910156
31.260000	0.908203
31.370000	0.906250
31.480000	0.905273
31.600000	0.903320
31.710000	0.901367
31.820000	0.900391
31.930000	0.898437
32.050000	0.896484
32.160000	0.895508
32.270000	0.892578
32.380000	0.890625
32.500000	0.888672
32.610000	0.886719
32.720000	0.884766
32.830000	0.881836
32.950000	0.878906
33.060000	0.876953
33.170000	0.873047
33.290000	0.868164
33.400000	0.868164
33.510000	0.863281
33.630000	0.860352
33.740000	0.856445
33.850000	0.854492
33.970000	0.849609
34.080000	0.846680
34.190000	0.841797
34.300000	0.838867
34.420000	0.836914
34.530000	0.831055
34.640000	0.829102
34.750000	0.824219
34.870000	0.821289
34.980000	0.818359
35.090000	0.811523
35.200000	0.810547
35.320000	0.803711
35.430000	0.800781
35.540000	0.798828
35.650000	0.792969
35.770000	0.788086
35.880000	0.784180
35.990000	0.781250
36.100000	0.775391
36.210000	0.772461
36.330000	0.769531
36.440000	0.762695
36.550000	0.762695
36.660000	0.754883
36.780000	0.753906
36.890000	0.749023
37.000000	0.744141
37.110000	0.742187
37.230000	0.734375
37.340000	0.732422
37.450000	0.728516
37.570000	0.724609
37.690000	0.718750
37.800000	0.714844
37.920000	0.709961
38.040000	0.704102
38.160000	0.697266
38.270000	0.697266
38.390000	0.689453
38.510000	0.685547
38.620000	0.680664
38.740000	0.676758
38.860000	0.671875
38.980000	0.666992
39.100000	0.666016
39.210000	0.657227
39.330000	0.652344
39.450000	0.650391
39.570000	0.645508
39.690000	0.640625
39.800000	0.637695
39.920000	0.629883
40.040000	0.623047
40.160000	0.619141
40.270000	0.617187
40.390000	0.612305
40.510000	0.608398
40.630000	0.604492
40.750000	0.599609
40.870000	0.594727
40.980000	0.586914
41.100000	0.587891
41.220000	0.583008
41.330000	0.574219
41.450000	0.568359
41.570000	0.563477
41.690000	0.560547
41.810000	0.555664
41.920000	0.553711
42.050000	0.544922
42.160000	0.543945
42.280000	0.539062
42.400000	0.534180
42.520000	0.528320
42.640000	0.518555
42.760000	0.514648
42.880000	0.508789
42.990000	0.508789
43.110000	0.501953
43.230000	0.497070
43.350000	0.492188
43.470000	0.487305
43.580000	0.482422
43.700000	0.476563
43.820000	0.475586
43.940000	0.470703
44.050000	0.461914
44.170000	0.456055
44.290000	0.454102
44.410000	0.450195
44.530000	0.445313
44.640000	0.442383
44.760000	0.436523
44.880000	0.428711
45.000000	0.422852
45.120000	0.417969
45.230000	0.415039
45.350000	0.410156
45.470000	0.406250
45.590000	0.401367
45.700000	0.393555
45.820000	0.389648
45.940000	0.384766
46.060000	0.384766
46.170000	0.377930
46.290000	0.374023
46.410000	0.369141
46.530000	0.366211
46.640000	0.362305
46.760000	0.353516
46.880000	0.349609
47.000000	0.343750
47.120000	0.337891
47.240000	0.333984
47.360000	0.330078
47.480000	0.324219
47.600000	0.319336
47.710000	0.316406
47.830000	0.313477
47.950000	0.308594
48.070000	0.303711
48.180000	0.295898
48.300000	0.291992
48.420000	0.290039
48.540000	0.285156
48.650000	0.280273
48.770000	0.276367
48.890000	0.270508
49.010000	0.265625
49.130000	0.260742
49.240000	0.257813
49.360000	0.252930
49.490000	0.246094
49.610000	0.242188
49.730000	0.237305
49.850000	0.231445
49.970000	0.227539
50.080000	0.225586
50.200000	0.221680
50.320000	0.216797
50.440000	0.211914
50.550000	0.206055
50.670000	0.201172
50.790000	0.199219
50.910000	0.195312
51.030000	0.196289
51.140000	0.186523
51.260000	0.182617
51.380000	0.177734
51.500000	0.173828
51.620000	0.168945
51.730000	0.166992
51.850000	0.161133
51.970000	0.157227
52.080000	0.154297
52.200000	0.151367
52.320000	0.147461
52.440000	0.143555
52.560000	0.139648
52.670000	0.133789
52.790000	0.130859
52.910000	0.127930
53.030000	0.125000
53.150000	0.121094
53.270000	0.117188
53.390000	0.114258
53.500000	0.111328
53.620000	0.107422
53.740000	0.104492
53.850000	0.101563
53.970000	0.096680
54.090000	0.093750
54.210000	0.090820
54.330000	0.086914
54.450000	0.084961
54.560000	0.083008
54.680000	0.080078
54.800000	0.078125
54.920000	0.073242
55.040000	0.071289
55.150000	0.068359
55.280000	0.066406
55.400000	0.064453
55.510000	0.060547
55.630000	0.058594
55.750000	0.056641
55.870000	0.054688
55.990000	0.052734
56.110000	0.050781
56.220000	0.048828
56.340000	0.046875
56.460000	0.044922
56.580000	0.043945
56.700000	0.041016
56.820000	0.039063
56.940000	0.038086
57.060000	0.036133
57.180000	0.035156
57.300000	0.034180
57.420000	0.033203
57.530000	0.031250
57.650000	0.030273
57.770000	0.030273
57.890000	0.029297
58.010000	0.028320
58.120000	0.028320
58.240000	0.028320
58.360000	0.027344
58.480000	0.028320
58.590000	0.026367
58.710000	0.026367
58.830000	0.026367
58.940000	0.027344
59.060000	0.028320
59.180000	0.028320
59.300000	0.028320
59.410000	0.029297
59.530000	0.030273
59.650000	0.031250
59.770000	0.031250
59.880000	0.033203
60.000000	0.035156
60.120000	0.041016
60.240000	0.038086
60.360000	0.039063
60.480000	0.041992
60.600000	0.043945
60.720000	0.045898
60.840000	0.048828
60.960000	0.050781
61.070000	0.052734
61.190000	0.055664
61.310000	0.058594
61.430000	0.061523
61.550000	0.064453
61.670000	0.068359
61.790000	0.072266
61.910000	0.075195
62.020000	0.079102
62.140000	0.083008
62.260000	0.087891
62.380000	0.091797
62.500000	0.096680
62.620000	0.101563
62.730000	0.106445
62.850000	0.112305
62.970000	0.115234
63.090000	0.122070
63.210000	0.126953
63.330000	0.133789
63.440000	0.139648
63.560000	0.146484
63.680000	0.153320
63.800000	0.160156
63.920000	0.167969
64.040000	0.174805
64.150000	0.180664
64.270000	0.188477
64.390000	0.196289
64.510000	0.204102
64.630000	0.213867
64.750000	0.222656
64.870000	0.231445
64.980000	0.241211
65.100000	0.250977
65.220000	0.256836
65.340000	0.267578
65.460000	0.277344
65.580000	0.288086
65.690000	0.299805
65.810000	0.310547
65.930000	0.323242
66.050000	0.334961
66.170000	0.346680
66.290000	0.359375
66.400000	0.368164
66.520000	0.380859
66.640000	0.393555
66.760000	0.408203
66.880000	0.420898
67.000000	0.435547
67.120000	0.451172
67.230000	0.467773
67.350000	0.482422
67.470000	0.498047
67.590000	0.508789
67.710000	0.524414
67.830000	0.541016
67.950000	0.557617
68.070000	0.576172
68.190000	0.593750
68.300000	0.611328
68.420000	0.628906
68.540000	0.649414
68.660000	0.667969
68.780000	0.687500
68.900000	0.706055
69.010000	0.722656
69.130000	0.745117
69.250000	0.765625
69.370000	0.785156
69.490000	0.806641
69.610000	0.827148
69.720000	0.846680
69.840000	0.866211
69.960000	0.881836
70.080000	0.896484
70.200000	0.908203
70.310000	0.912109
70.430000	0.910156
70.550000	0.908203
70.670000	0.907227
70.780000	0.905273
70.900000	0.905273
71.020000	0.904297
71.140000	0.903320
71.260000	0.903320
71.370000	0.901367
71.490000	0.900391
71.610000	0.901367
71.730000	0.899414
71.850000	0.899414
71.960000	0.898437
72.080000	0.898437
72.200000	0.897461
72.310000	0.897461
72.430000	0.896484
72.540000	0.896484
72.660000	0.895508
72.780000	0.895508
72.890000	0.894531
73.010000	0.895508
73.130000	0.894531
73.250000	0.893555
73.370000	0.893555
73.490000	0.891602
73.600000	0.893555
73.720000	0.892578
73.840000	0.892578
73.950000	0.891602
74.070000	0.891602
74.190000	0.891602
74.300000	0.891602
74.420000	0.890625
74.540000	0.890625
74.650000	0.889648
74.770000	0.889648
74.890000	0.889648
75.000000	0.889648
75.120000	0.889648
75.230000	0.888672
75.350000	0.888672
75.470000	0.887695
75.580000	0.887695
75.700000	0.887695
75.810000	0.887695
75.930000	0.886719
76.040000	0.886719
76.160000	0.886719
76.270000	0.885742
76.390000	0.886719
76.510000	0.885742
76.620000	0.885742
76.740000	0.885742
76.860000	0.886719
76.970000	0.884766
77.090000	0.884766
77.200000	0.884766
77.320000	0.884766
77.440000	0.883789
77.550000	0.884766
77.670000	0.884766
77.790000	0.882812
77.900000	0.883789
78.020000	0.883789
78.140000	0.883789
78.250000	0.882812
78.370000	0.882812
78.480000	0.882812
78.600000	0.881836
78.720000	0.882812
78.830000	0.881836
78.950000	0.881836
79.070000	0.880859
79.180000	0.881836
79.300000	0.881836
79.420000	0.878906
79.530000	0.880859
79.650000	0.880859
79.770000	0.880859
79.880000	0.880859
80.000000	0.879883
80.120000	0.879883
80.230000	0.879883
80.350000	0.879883
80.470000	0.878906
80.580000	0.878906
80.700000	0.878906
80.810000	0.878906
80.930000	0.877930
81.040000	0.878906
81.160000	0.877930
81.280000	0.878906
81.390000	0.877930
81.510000	0.877930
81.630000	0.877930
81.740000	0.876953
81.860000	0.878906
81.980000	0.877930
82.090000	0.876953
82.210000	0.876953
82.330000	0.876953
82.440000	0.876953
82.560000	0.877930
82.680000	0.876953
82.790000	0.876953
82.910000	0.875977
83.020000	0.876953
83.140000	0.875977
83.260000	0.875977
83.370000	0.875977
83.490000	0.875977
83.600000	0.875977
83.720000	0.875977
83.830000	0.875000
83.950000	0.875000
84.070000	0.875000
84.190000	0.875000
84.300000	0.875977
84.420000	0.875977
84.540000	0.875000
84.650000	0.875000
84.770000	0.875000
84.880000	0.875000
85.000000	0.875000
85.120000	0.875000
85.230000	0.874023
85.350000	0.875000
85.460000	0.874023
85.580000	0.874023
85.690000	0.874023
85.810000	0.874023
85.930000	0.873047
86.040000	0.874023
86.160000	0.874023
86.270000	0.873047
86.390000	0.873047
86.510000	0.872070
86.620000	0.873047
86.740000	0.873047
86.860000	0.874023
86.970000	0.872070
87.090000	0.873047
87.210000	0.872070
87.330000	0.873047
87.440000	0.872070
87.560000	0.873047
87.680000	0.872070
87.790000	0.872070
87.910000	0.872070
88.030000	0.872070
88.140000	0.870117
88.260000	0.872070
88.380000	0.872070
88.490000	0.872070
88.610000	0.871094
88.720000	0.872070
88.840000	0.872070
88.960000	0.873047
89.080000	0.874023
89.190000	0.871094
89.310000	0.871094
89.420000	0.870117
89.540000	0.871094
