30.070000	0.805664
30.200000	0.805664
30.320000	0.805664
30.430000	0.804687
30.560000	0.804687
30.670000	0.799805
30.790000	0.803711
30.910000	0.806641
31.040000	0.806641
31.150000	0.806641
31.270000	0.807617
31.390000	0.809570
31.510000	0.808594
31.630000	0.808594
31.740000	0.807617
31.860000	0.811523
31.980000	0.815430
32.100000	0.822266
32.220000	0.826172
32.340000	0.833008
32.460000	0.838867
32.590000	0.848633
32.710000	0.855469
32.830000	0.863281
32.950000	0.869141
33.070000	0.877930
33.190000	0.879883
33.310000	0.881836
33.430000	0.887695
33.550000	0.887695
33.670000	0.886719
33.790000	0.883789
33.910000	0.877930
34.030000	0.867187
34.150000	0.853516
34.270000	0.833008
34.390000	0.804687
34.510000	0.765625
34.630000	0.716797
34.750000	0.654297
34.870000	0.577148
34.990000	0.494141
35.110000	0.411133
35.230000	0.336914
35.350000	0.283203
35.470000	0.257813
35.590000	0.258789
35.710000	0.277344
35.830000	0.309570
35.950000	0.348633
36.070000	0.388672
36.190000	0.430664
36.310000	0.470703
36.430000	0.507812
36.560000	0.540039
36.680000	0.569336
36.800000	0.595703
36.920000	0.619141
37.040000	0.638672
37.160000	0.655273
37.280000	0.670898
37.400000	0.682617
37.520000	0.694336
37.640000	0.705078
37.760000	0.712891
37.880000	0.719727
38.000000	0.727539
38.120000	0.736328
38.240000	0.741211
38.360000	0.747070
38.480000	0.751953
38.600000	0.755859
38.720000	0.759766
38.840000	0.763672
38.960000	0.766602
39.080000	0.769531
39.210000	0.770508
39.320000	0.775391
39.450000	0.775391
39.560000	0.779297
39.680000	0.781250
39.800000	0.784180
39.920000	0.785156
40.040000	0.787109
40.160000	0.788086
40.280000	0.789062
40.400000	0.791016
40.520000	0.792969
40.640000	0.793945
40.760000	0.794922
40.880000	0.794922
41.000000	0.796875
41.120000	0.795898
41.240000	0.798828
41.360000	0.800781
41.470000	0.799805
41.590000	0.804687
41.710000	0.804687
41.830000	0.805664
41.950000	0.806641
42.070000	0.807617
42.180000	0.805664
42.300000	0.806641
42.420000	0.807617
42.530000	0.808594
42.660000	0.808594
42.770000	0.810547
42.890000	0.809570
43.010000	0.812500
43.130000	0.812500
43.250000	0.809570
43.370000	0.810547
43.490000	0.810547
43.610000	0.811523
43.730000	0.811523
43.840000	0.814453
43.960000	0.815430
44.080000	0.814453
44.200000	0.814453
44.320000	0.815430
44.440000	0.810547
44.560000	0.814453
44.680000	0.813477
44.800000	0.814453
44.920000	0.815430
45.040000	0.814453
45.160000	0.815430
45.280000	0.816406
45.400000	0.817383
45.520000	0.818359
45.640000	0.819336
45.760000	0.819336
45.870000	0.817383
45.990000	0.820312
46.110000	0.820312
46.230000	0.821289
46.340000	0.819336
46.470000	0.821289
46.580000	0.820312
46.700000	0.821289
46.820000	0.819336
46.940000	0.820312
47.060000	0.820312
47.180000	0.820312
47.290000	0.823242
47.410000	0.823242
47.530000	0.822266
47.650000	0.822266
47.770000	0.821289
47.890000	0.822266
48.010000	0.822266
48.120000	0.822266
48.240000	0.823242
48.360000	0.823242
48.470000	0.823242
48.590000	0.822266
48.710000	0.823242
48.830000	0.822266
48.940000	0.824219
49.060000	0.825195
49.190000	0.822266
49.310000	0.823242
49.420000	0.824219
49.540000	0.825195
49.660000	0.824219
49.780000	0.825195
49.910000	0.824219
50.030000	0.824219
50.140000	0.825195
50.270000	0.824219
50.390000	0.824219
50.500000	0.824219
50.620000	0.825195
50.740000	0.824219
50.860000	0.824219
50.980000	0.825195
51.100000	0.826172
51.220000	0.825195
51.340000	0.825195
51.450000	0.823242
51.570000	0.823242
51.690000	0.824219
51.810000	0.824219
51.930000	0.827148
52.050000	0.827148
52.170000	0.828125
52.280000	0.826172
52.410000	0.828125
52.520000	0.827148
52.640000	0.827148
52.760000	0.825195
52.880000	0.826172
53.000000	0.826172
53.120000	0.825195
53.230000	0.829102
53.350000	0.829102
53.470000	0.825195
53.590000	0.827148
53.700000	0.827148
53.820000	0.827148
53.940000	0.828125
54.060000	0.829102
54.180000	0.829102
54.300000	0.828125
54.410000	0.827148
54.530000	0.827148
54.650000	0.829102
54.770000	0.828125
54.890000	0.828125
55.010000	0.828125
55.120000	0.830078
55.240000	0.828125
55.360000	0.828125
55.480000	0.829102
55.600000	0.827148
55.720000	0.828125
55.840000	0.828125
55.960000	0.828125
56.070000	0.828125
56.190000	0.828125
56.310000	0.830078
56.430000	0.830078
56.550000	0.830078
56.660000	0.828125
56.780000	0.828125
56.900000	0.828125
57.020000	0.828125
57.140000	0.828125
57.250000	0.828125
57.370000	0.826172
57.490000	0.825195
57.610000	0.824219
57.730000	0.825195
57.850000	0.826172
57.970000	0.827148
58.090000	0.827148
58.210000	0.828125
58.320000	0.829102
58.440000	0.827148
58.560000	0.830078
58.680000	0.828125
58.800000	0.830078
58.920000	0.830078
59.040000	0.831055
59.160000	0.831055
59.280000	0.832031
59.400000	0.832031
59.510000	0.830078
59.630000	0.831055
59.750000	0.831055
59.870000	0.833008
59.990000	0.833984
60.110000	0.832031
60.230000	0.832031
60.350000	0.832031
60.460000	0.833984
60.580000	0.833984
60.700000	0.833008
60.820000	0.833984
60.940000	0.833008
61.060000	0.833984
61.180000	0.833984
61.300000	0.833008
61.420000	0.833008
61.530000	0.833984
61.650000	0.834961
61.770000	0.835937
61.890000	0.835937
62.010000	0.835937
62.130000	0.836914
62.240000	0.835937
62.360000	0.835937
62.480000	0.836914
62.600000	0.835937
62.710000	0.836914
62.830000	0.835937
62.950000	0.836914
63.060000	0.837891
63.180000	0.838867
63.300000	0.837891
63.420000	0.836914
63.540000	0.836914
63.660000	0.836914
63.770000	0.836914
63.890000	0.839844
64.010000	0.840820
64.130000	0.840820
64.250000	0.840820
64.370000	0.840820
64.480000	0.839844
64.600000	0.839844
64.720000	0.839844
64.840000	0.839844
64.950000	0.841797
65.070000	0.841797
65.190000	0.841797
65.310000	0.841797
65.420000	0.840820
65.540000	0.840820
65.660000	0.841797
65.780000	0.841797
65.890000	0.842773
66.010000	0.842773
66.130000	0.842773
66.250000	0.842773
66.370000	0.841797
66.480000	0.843750
66.600000	0.844727
66.720000	0.844727
66.840000	0.842773
66.960000	0.843750
67.070000	0.844727
67.190000	0.845703
67.310000	0.844727
67.430000	0.844727
67.550000	0.846680
67.670000	0.845703
67.790000	0.847656
67.910000	0.847656
68.030000	0.847656
68.140000	0.843750
68.260000	0.839844
68.380000	0.830078
68.510000	0.825195
68.630000	0.837891
68.750000	0.844727
68.870000	0.848633
68.990000	0.851562
69.110000	0.850586
69.230000	0.850586
69.340000	0.850586
69.460000	0.847656
69.580000	0.841797
69.700000	0.823242
69.820000	0.779297
69.940000	0.674805
70.060000	0.621094
70.180000	0.696289
70.300000	0.787109
70.420000	0.813477
70.540000	0.821289
70.670000	0.822266
70.790000	0.818359
70.910000	0.815430
71.020000	0.813477
71.150000	0.785156
71.270000	0.784180
71.390000	0.800781
71.510000	0.799805
71.630000	0.803711
71.750000	0.804687
71.860000	0.801758
71.980000	0.784180
72.110000	0.795898
72.230000	0.812500
72.350000	0.819336
72.470000	0.834961
72.590000	0.843750
72.710000	0.847656
72.830000	0.849609
72.950000	0.852539
73.070000	0.853516
73.190000	0.853516
73.300000	0.852539
73.420000	0.857422
73.540000	0.858398
73.660000	0.858398
73.780000	0.858398
73.890000	0.859375
74.010000	0.860352
74.130000	0.862305
74.250000	0.862305
74.370000	0.864258
74.490000	0.865234
74.610000	0.867187
74.730000	0.867187
74.850000	0.868164
74.960000	0.867187
75.080000	0.868164
75.200000	0.868164
75.320000	0.868164
75.430000	0.870117
75.550000	0.871094
75.670000	0.868164
75.790000	0.870117
75.910000	0.872070
76.030000	0.871094
76.150000	0.872070
76.270000	0.873047
76.390000	0.874023
76.500000	0.875000
76.620000	0.875977
76.740000	0.875977
76.860000	0.876953
76.980000	0.876953
77.100000	0.875977
77.210000	0.875977
77.330000	0.879883
77.450000	0.880859
77.570000	0.879883
77.690000	0.879883
77.810000	0.880859
77.930000	0.880859
78.040000	0.880859
78.160000	0.880859
78.280000	0.881836
78.390000	0.881836
78.510000	0.884766
78.630000	0.884766
78.750000	0.883789
78.870000	0.884766
78.990000	0.884766
79.110000	0.885742
79.230000	0.886719
79.350000	0.887695
79.470000	0.888672
79.580000	0.888672
79.700000	0.888672
79.820000	0.890625
79.940000	0.889648
80.060000	0.888672
80.180000	0.890625
80.300000	0.890625
80.410000	0.891602
80.530000	0.892578
80.650000	0.893555
80.770000	0.893555
80.890000	0.893555
81.000000	0.894531
81.120000	0.895508
81.240000	0.895508
81.360000	0.896484
81.480000	0.897461
81.600000	0.897461
81.720000	0.897461
81.830000	0.897461
81.950000	0.898437
82.070000	0.899414
82.190000	0.899414
82.310000	0.898437
82.430000	0.899414
82.550000	0.901367
82.660000	0.899414
82.780000	0.898437
82.900000	0.896484
83.020000	0.898437
83.140000	0.899414
83.260000	0.900391
83.380000	0.900391
83.490000	0.903320
83.610000	0.903320
83.730000	0.903320
83.850000	0.902344
83.970000	0.901367
84.090000	0.901367
84.210000	0.900391
84.330000	0.901367
84.440000	0.902344
84.560000	0.902344
84.680000	0.900391
84.800000	0.897461
84.920000	0.895508
85.040000	0.891602
85.160000	0.887695
85.280000	0.881836
85.400000	0.875977
85.520000	0.866211
85.640000	0.856445
85.760000	0.844727
85.880000	0.833984
86.000000	0.813477
86.120000	0.793945
86.240000	0.770508
86.360000	0.742187
86.480000	0.706055
86.600000	0.660156
86.720000	0.600586
86.840000	0.526367
86.970000	0.438477
87.080000	0.355469
87.200000	0.272461
87.320000	0.201172
87.440000	0.146484
87.560000	0.108398
87.680000	0.066406
87.800000	0.041992
87.920000	0.028320
88.050000	0.011719
88.170000	0.015625
88.290000	0.068359
88.410000	0.291992
88.530000	0.892578
88.650000	0.913086
88.770000	0.912109
88.890000	0.911133
89.010000	0.911133
89.120000	0.911133
89.240000	0.910156
89.360000	0.911133
89.480000	0.911133
89.600000	0.910156
