30.060000	0.895508
30.200000	0.891602
30.320000	0.891602
30.430000	0.890625
30.550000	0.890625
30.660000	0.892578
30.780000	0.891602
30.900000	0.891602
31.010000	0.891602
31.130000	0.891602
31.240000	0.892578
31.360000	0.892578
31.480000	0.892578
31.590000	0.892578
31.710000	0.892578
31.820000	0.893555
31.940000	0.893555
32.060000	0.893555
32.170000	0.893555
32.290000	0.893555
32.400000	0.893555
32.520000	0.893555
32.630000	0.894531
32.750000	0.893555
32.870000	0.893555
32.980000	0.894531
33.100000	0.893555
33.220000	0.893555
33.330000	0.894531
33.450000	0.894531
33.560000	0.894531
33.680000	0.895508
33.790000	0.894531
33.910000	0.894531
34.030000	0.895508
34.150000	0.895508
34.260000	0.895508
34.380000	0.895508
34.490000	0.895508
34.610000	0.894531
34.730000	0.895508
34.840000	0.896484
34.960000	0.897461
35.080000	0.896484
35.190000	0.896484
35.320000	0.896484
35.430000	0.897461
35.550000	0.896484
35.660000	0.897461
35.780000	0.898437
35.890000	0.897461
36.010000	0.898437
36.120000	0.897461
36.240000	0.897461
36.350000	0.898437
36.470000	0.898437
36.580000	0.899414
36.700000	0.898437
36.820000	0.898437
36.930000	0.899414
37.050000	0.899414
37.160000	0.900391
37.280000	0.900391
37.390000	0.900391
37.510000	0.900391
37.620000	0.900391
37.740000	0.901367
37.860000	0.902344
37.970000	0.901367
38.090000	0.902344
38.210000	0.903320
38.330000	0.902344
38.460000	0.904297
38.570000	0.903320
38.690000	0.904297
38.800000	0.905273
38.920000	0.906250
39.040000	0.905273
39.160000	0.907227
39.280000	0.907227
39.400000	0.908203
39.530000	0.909180
39.660000	0.910156
39.780000	0.912109
39.900000	0.914062
40.010000	0.917969
40.130000	0.913086
40.250000	0.907227
40.370000	0.900391
40.490000	0.892578
40.610000	0.886719
40.730000	0.877930
40.860000	0.869141
40.980000	0.861328
41.100000	0.852539
41.220000	0.845703
41.330000	0.838867
41.450000	0.830078
41.570000	0.821289
41.690000	0.813477
41.800000	0.803711
41.920000	0.799805
42.040000	0.790039
42.160000	0.783203
42.280000	0.774414
42.400000	0.765625
42.510000	0.755859
42.630000	0.747070
42.750000	0.736328
42.870000	0.728516
42.990000	0.719727
43.100000	0.716797
43.220000	0.705078
43.340000	0.696289
43.460000	0.687500
43.580000	0.679687
43.690000	0.670898
43.810000	0.662109
43.930000	0.658203
44.050000	0.650391
44.160000	0.637695
44.280000	0.633789
44.400000	0.624023
44.520000	0.616211
44.630000	0.610352
44.750000	0.603516
44.870000	0.596680
44.990000	0.584961
45.110000	0.582031
45.230000	0.568359
45.350000	0.560547
45.460000	0.556641
45.580000	0.547852
45.700000	0.540039
45.820000	0.531250
45.940000	0.522461
46.060000	0.514648
46.180000	0.507812
46.290000	0.497070
46.410000	0.492188
46.530000	0.484375
46.640000	0.475586
46.760000	0.468750
46.880000	0.458984
46.990000	0.453125
47.110000	0.446289
47.230000	0.433594
47.360000	0.423828
47.480000	0.415039
47.600000	0.406250
47.710000	0.402344
47.830000	0.395508
47.960000	0.388672
48.080000	0.378906
48.200000	0.369141
48.310000	0.363281
48.430000	0.356445
48.550000	0.347656
48.670000	0.341797
48.780000	0.332031
48.900000	0.327148
49.020000	0.319336
49.140000	0.312500
49.250000	0.304688
49.370000	0.296875
49.490000	0.289062
49.610000	0.282227
49.730000	0.275391
49.850000	0.267578
49.960000	0.263672
50.080000	0.256836
50.200000	0.249023
50.320000	0.241211
50.430000	0.233398
50.550000	0.227539
50.670000	0.222656
50.790000	0.215820
50.900000	0.208984
51.020000	0.204102
51.140000	0.195312
51.250000	0.189453
51.370000	0.183594
51.490000	0.176758
51.610000	0.170898
51.720000	0.166992
51.840000	0.161133
51.960000	0.154297
52.080000	0.148438
52.190000	0.143555
52.310000	0.137695
52.430000	0.132813
52.540000	0.126953
52.660000	0.122070
52.780000	0.116211
52.900000	0.108398
53.010000	0.106445
53.130000	0.100586
53.250000	0.095703
53.360000	0.092773
53.480000	0.087891
53.600000	0.083984
53.710000	0.079102
53.830000	0.075195
53.950000	0.071289
54.070000	0.068359
54.190000	0.062500
54.300000	0.059570
54.420000	0.056641
54.540000	0.053711
54.650000	0.048828
54.770000	0.046875
54.890000	0.043945
55.010000	0.040039
55.130000	0.037109
55.250000	0.034180
55.370000	0.032227
55.480000	0.030273
55.600000	0.027344
55.720000	0.025391
55.840000	0.023437
55.960000	0.021484
56.080000	0.020508
56.200000	0.018555
56.310000	0.017578
56.430000	0.015625
56.550000	0.015625
56.660000	0.015625
56.780000	0.014648
56.900000	0.015625
57.020000	0.014648
57.130000	0.013672
57.250000	0.014648
57.370000	0.014648
57.480000	0.016602
57.610000	0.016602
57.730000	0.017578
57.850000	0.018555
57.970000	0.019531
58.080000	0.021484
58.200000	0.022461
58.320000	0.025391
58.440000	0.028320
58.560000	0.031250
58.680000	0.034180
58.790000	0.036133
58.910000	0.039063
59.030000	0.042969
59.150000	0.047852
59.260000	0.049805
59.380000	0.053711
59.500000	0.058594
59.620000	0.062500
59.740000	0.067383
59.860000	0.072266
59.980000	0.078125
60.090000	0.083984
60.210000	0.090820
60.330000	0.096680
60.450000	0.102539
60.570000	0.109375
60.690000	0.117188
60.800000	0.125977
60.920000	0.133789
61.040000	0.141602
61.150000	0.149414
61.270000	0.158203
61.390000	0.168945
61.510000	0.178711
61.620000	0.187500
61.740000	0.197266
61.860000	0.208984
61.970000	0.219727
62.090000	0.231445
62.210000	0.241211
62.330000	0.252930
62.440000	0.267578
62.560000	0.279297
62.680000	0.291992
62.790000	0.304688
62.910000	0.321289
63.030000	0.336914
63.150000	0.351563
63.260000	0.365234
63.380000	0.379883
63.500000	0.396484
63.620000	0.414063
63.730000	0.433594
63.850000	0.445313
63.970000	0.463867
64.090000	0.482422
64.210000	0.501953
64.320000	0.521484
64.440000	0.541992
64.560000	0.565430
64.680000	0.587891
64.790000	0.601562
64.910000	0.625000
65.030000	0.650391
65.150000	0.672852
65.270000	0.696289
65.380000	0.717773
65.500000	0.746094
65.620000	0.770508
65.750000	0.795898
65.870000	0.822266
65.990000	0.848633
66.100000	0.875000
66.220000	0.898437
66.340000	0.916016
66.460000	0.911133
66.570000	0.907227
66.690000	0.905273
66.810000	0.904297
66.920000	0.901367
67.040000	0.901367
67.150000	0.899414
67.270000	0.899414
67.390000	0.898437
67.500000	0.896484
67.620000	0.897461
67.740000	0.895508
67.850000	0.896484
67.970000	0.895508
68.090000	0.894531
68.210000	0.893555
68.320000	0.893555
68.440000	0.892578
68.560000	0.892578
68.670000	0.891602
68.790000	0.890625
68.910000	0.890625
69.020000	0.889648
69.140000	0.890625
69.250000	0.889648
69.370000	0.889648
69.480000	0.888672
69.600000	0.889648
69.720000	0.888672
69.830000	0.888672
69.950000	0.887695
70.070000	0.887695
70.180000	0.887695
70.300000	0.886719
70.410000	0.886719
70.530000	0.886719
70.640000	0.886719
70.760000	0.885742
70.870000	0.885742
70.990000	0.884766
71.100000	0.885742
71.220000	0.884766
71.340000	0.885742
71.460000	0.884766
71.580000	0.884766
71.690000	0.883789
71.810000	0.883789
71.920000	0.883789
72.040000	0.883789
72.150000	0.883789
72.270000	0.883789
72.380000	0.883789
72.500000	0.882812
72.610000	0.882812
72.730000	0.881836
72.850000	0.881836
72.960000	0.882812
73.080000	0.881836
73.190000	0.881836
73.310000	0.880859
73.420000	0.881836
73.540000	0.881836
73.650000	0.880859
73.770000	0.880859
73.880000	0.880859
74.000000	0.880859
74.110000	0.880859
74.230000	0.880859
74.340000	0.880859
74.460000	0.879883
74.570000	0.879883
74.690000	0.878906
74.810000	0.878906
74.920000	0.879883
75.040000	0.878906
75.150000	0.878906
75.270000	0.878906
75.380000	0.877930
75.500000	0.878906
75.610000	0.877930
75.730000	0.878906
75.840000	0.878906
75.960000	0.878906
76.080000	0.877930
76.190000	0.877930
76.310000	0.877930
76.420000	0.877930
76.540000	0.876953
76.650000	0.877930
76.770000	0.877930
76.890000	0.876953
77.000000	0.877930
77.120000	0.876953
77.240000	0.876953
77.350000	0.876953
77.470000	0.876953
77.590000	0.876953
77.700000	0.876953
77.820000	0.876953
77.940000	0.876953
78.050000	0.875977
78.170000	0.875977
78.280000	0.875000
78.400000	0.875977
78.520000	0.872070
78.640000	0.875977
78.750000	0.875977
78.870000	0.875000
78.990000	0.875000
79.100000	0.875000
79.220000	0.874023
79.330000	0.875000
79.450000	0.875000
79.560000	0.875000
79.680000	0.875000
79.790000	0.874023
79.910000	0.874023
80.020000	0.874023
80.140000	0.875000
80.250000	0.874023
80.370000	0.875000
80.480000	0.874023
80.600000	0.874023
80.710000	0.874023
80.830000	0.873047
80.940000	0.874023
81.060000	0.873047
81.170000	0.874023
81.290000	0.873047
81.400000	0.873047
81.520000	0.873047
81.630000	0.873047
81.750000	0.873047
81.860000	0.873047
81.970000	0.873047
82.090000	0.873047
82.200000	0.873047
82.320000	0.873047
82.440000	0.873047
82.550000	0.873047
82.670000	0.872070
82.780000	0.873047
82.900000	0.872070
83.020000	0.872070
83.130000	0.875000
83.250000	0.871094
83.360000	0.872070
83.480000	0.871094
83.600000	0.871094
83.710000	0.872070
83.830000	0.871094
83.940000	0.872070
84.060000	0.872070
84.170000	0.871094
84.290000	0.871094
84.400000	0.871094
84.520000	0.871094
84.630000	0.872070
84.750000	0.871094
84.860000	0.870117
84.980000	0.871094
85.100000	0.871094
85.210000	0.871094
85.330000	0.870117
85.440000	0.871094
85.560000	0.870117
85.680000	0.870117
85.790000	0.867187
85.910000	0.870117
86.030000	0.870117
86.150000	0.870117
86.260000	0.870117
86.380000	0.870117
86.490000	0.869141
86.610000	0.870117
86.720000	0.869141
86.840000	0.870117
86.950000	0.870117
87.070000	0.870117
87.190000	0.869141
87.300000	0.869141
87.420000	0.869141
87.530000	0.869141
87.650000	0.869141
87.760000	0.869141
87.880000	0.869141
87.990000	0.868164
88.110000	0.869141
88.230000	0.868164
88.340000	0.869141
88.460000	0.869141
88.570000	0.869141
88.690000	0.868164
88.810000	0.869141
88.920000	0.868164
89.040000	0.869141
89.150000	0.868164
89.270000	0.868164
89.390000	0.868164
89.500000	0.869141
89.620000	0.868164
