30.070000	0.818359
30.200000	0.816406
30.320000	0.812500
30.440000	0.809570
30.560000	0.805664
30.680000	0.801758
30.800000	0.796875
30.920000	0.794922
31.050000	0.791992
31.170000	0.787109
31.290000	0.784180
31.410000	0.780273
31.530000	0.776367
31.650000	0.772461
31.770000	0.768555
31.890000	0.764648
32.010000	0.760742
32.130000	0.756836
32.250000	0.753906
32.370000	0.749023
32.490000	0.745117
32.610000	0.741211
32.730000	0.741211
32.850000	0.733398
32.970000	0.729492
33.090000	0.724609
33.210000	0.725586
33.330000	0.721680
33.450000	0.716797
33.570000	0.712891
33.700000	0.703125
33.810000	0.705078
33.930000	0.701172
34.060000	0.690430
34.180000	0.686523
34.290000	0.688477
34.410000	0.683594
34.530000	0.679687
34.650000	0.675781
34.770000	0.670898
34.900000	0.660156
35.020000	0.657227
35.140000	0.652344
35.260000	0.648437
35.380000	0.644531
35.500000	0.638672
35.620000	0.634766
35.740000	0.630859
35.860000	0.625977
35.980000	0.622070
36.100000	0.618164
36.220000	0.613281
36.340000	0.614258
36.460000	0.610352
36.580000	0.600586
36.700000	0.600586
36.820000	0.591797
36.940000	0.590820
37.060000	0.586914
37.180000	0.582031
37.300000	0.579102
37.420000	0.574219
37.540000	0.572266
37.660000	0.565430
37.780000	0.561523
37.900000	0.557617
38.020000	0.552734
38.150000	0.545898
38.270000	0.540039
38.390000	0.535156
38.510000	0.531250
38.630000	0.526367
38.750000	0.522461
38.870000	0.516602
38.990000	0.511719
39.110000	0.507812
39.230000	0.501953
39.350000	0.497070
39.470000	0.493164
39.590000	0.490234
39.710000	0.486328
39.830000	0.482422
39.950000	0.478516
40.070000	0.473633
40.190000	0.469727
40.310000	0.464844
40.440000	0.458008
40.560000	0.453125
40.680000	0.448242
40.800000	0.445313
40.920000	0.439453
41.040000	0.434570
41.160000	0.430664
41.280000	0.425781
41.400000	0.420898
41.520000	0.416016
41.640000	0.411133
41.760000	0.406250
41.880000	0.401367
42.000000	0.396484
42.120000	0.392578
42.250000	0.389648
42.360000	0.382812
42.490000	0.380859
42.610000	0.375000
42.730000	0.371094
42.850000	0.366211
42.970000	0.361328
43.090000	0.357422
43.210000	0.352539
43.330000	0.347656
43.450000	0.342773
43.570000	0.334961
43.690000	0.331055
43.810000	0.326172
43.930000	0.322266
44.050000	0.317383
44.170000	0.313477
44.300000	0.313477
44.410000	0.306641
44.530000	0.302734
44.650000	0.297852
44.770000	0.293945
44.890000	0.290039
45.020000	0.288086
45.130000	0.282227
45.260000	0.279297
45.380000	0.274414
45.500000	0.269531
45.620000	0.265625
45.740000	0.261719
45.860000	0.257813
45.980000	0.251953
46.100000	0.248047
46.220000	0.244141
46.340000	0.240234
46.460000	0.235352
46.580000	0.230469
46.700000	0.225586
46.820000	0.221680
46.940000	0.216797
47.060000	0.209961
47.180000	0.208984
47.290000	0.205078
47.410000	0.201172
47.540000	0.197266
47.660000	0.191406
47.780000	0.187500
47.900000	0.183594
48.020000	0.180664
48.140000	0.174805
48.260000	0.170898
48.380000	0.166016
48.500000	0.163086
48.620000	0.159180
48.740000	0.155273
48.860000	0.152344
48.980000	0.148438
49.100000	0.144531
49.220000	0.141602
49.340000	0.137695
49.460000	0.132813
49.580000	0.130859
49.700000	0.125977
49.820000	0.122070
49.950000	0.118164
50.070000	0.115234
50.190000	0.110352
50.310000	0.107422
50.430000	0.103516
50.550000	0.099609
50.670000	0.096680
50.790000	0.093750
50.910000	0.089844
51.030000	0.086914
51.150000	0.083984
51.270000	0.080078
51.390000	0.077148
51.510000	0.073242
51.640000	0.072266
51.760000	0.068359
51.880000	0.068359
51.990000	0.061523
52.120000	0.059570
52.240000	0.058594
52.360000	0.056641
52.480000	0.053711
52.600000	0.049805
52.710000	0.045898
52.840000	0.043945
52.960000	0.041016
53.080000	0.040039
53.200000	0.037109
53.320000	0.034180
53.440000	0.032227
53.560000	0.030273
53.680000	0.028320
53.800000	0.026367
53.920000	0.024414
54.040000	0.021484
54.160000	0.019531
54.280000	0.018555
54.400000	0.016602
54.520000	0.015625
54.650000	0.012695
54.770000	0.011719
54.890000	0.009766
55.010000	0.009766
55.130000	0.009766
55.240000	0.007813
55.360000	0.006836
55.490000	0.005859
55.610000	0.004883
55.730000	0.004883
55.840000	0.002930
55.970000	0.002930
56.080000	0.002930
56.200000	0.001953
56.320000	0.002930
56.440000	0.001953
56.560000	0.001953
56.680000	0.001953
56.800000	0.001953
56.910000	0.002930
57.040000	0.002930
57.150000	0.003906
57.280000	0.004883
57.400000	0.004883
57.510000	0.006836
57.640000	0.007813
57.760000	0.009766
57.880000	0.009766
58.000000	0.011719
58.120000	0.012695
58.240000	0.014648
58.360000	0.015625
58.480000	0.017578
58.600000	0.019531
58.720000	0.021484
58.840000	0.024414
58.960000	0.026367
59.080000	0.029297
59.200000	0.032227
59.320000	0.035156
59.440000	0.038086
59.560000	0.041016
59.680000	0.045898
59.810000	0.049805
59.930000	0.052734
60.050000	0.057617
60.170000	0.060547
60.290000	0.065430
60.410000	0.070313
60.530000	0.074219
60.650000	0.078125
60.770000	0.083984
60.890000	0.088867
61.010000	0.093750
61.130000	0.099609
61.250000	0.105469
61.380000	0.112305
61.500000	0.118164
61.620000	0.125000
61.740000	0.131836
61.860000	0.139648
61.980000	0.145508
62.100000	0.153320
62.220000	0.161133
62.340000	0.168945
62.460000	0.177734
62.580000	0.185547
62.710000	0.192383
62.830000	0.202148
62.950000	0.209961
63.070000	0.219727
63.190000	0.232422
63.310000	0.241211
63.430000	0.250977
63.550000	0.261719
63.670000	0.272461
63.790000	0.282227
63.920000	0.291992
64.040000	0.302734
64.160000	0.314453
64.280000	0.326172
64.400000	0.337891
64.520000	0.350586
64.640000	0.363281
64.760000	0.381836
64.880000	0.395508
65.000000	0.409180
65.120000	0.422852
65.240000	0.437500
65.360000	0.452148
65.480000	0.468750
65.610000	0.478516
65.730000	0.494141
65.850000	0.510742
65.970000	0.527344
66.090000	0.543945
66.210000	0.562500
66.330000	0.585937
66.450000	0.603516
66.570000	0.623047
66.690000	0.640625
66.810000	0.660156
66.940000	0.676758
67.060000	0.696289
67.180000	0.715820
67.300000	0.736328
67.420000	0.757812
67.540000	0.778320
67.660000	0.798828
67.780000	0.824219
67.900000	0.845703
68.020000	0.866211
68.140000	0.886719
68.270000	0.906250
68.390000	0.921875
68.510000	0.934570
68.630000	0.940430
68.750000	0.938477
68.870000	0.935547
68.990000	0.934570
69.110000	0.929687
69.230000	0.931641
69.350000	0.931641
69.470000	0.929687
69.590000	0.929687
69.700000	0.928711
69.820000	0.927734
69.940000	0.927734
70.060000	0.929687
70.180000	0.926758
70.300000	0.925781
70.420000	0.924805
70.540000	0.924805
70.660000	0.924805
70.770000	0.923828
70.890000	0.922852
71.010000	0.923828
71.130000	0.922852
71.240000	0.921875
71.360000	0.921875
71.480000	0.921875
71.600000	0.921875
71.710000	0.920898
71.830000	0.920898
71.950000	0.919922
72.070000	0.918945
72.190000	0.918945
72.300000	0.918945
72.420000	0.918945
72.540000	0.917969
72.660000	0.917969
72.770000	0.917969
72.890000	0.918945
73.010000	0.916992
73.130000	0.916992
73.250000	0.916992
73.360000	0.916016
73.480000	0.916992
73.600000	0.916016
73.720000	0.916016
73.830000	0.916016
73.950000	0.915039
74.070000	0.915039
74.180000	0.915039
74.300000	0.915039
74.420000	0.915039
74.540000	0.914062
74.660000	0.914062
74.780000	0.914062
74.890000	0.913086
75.010000	0.913086
75.130000	0.913086
75.250000	0.913086
75.360000	0.912109
75.480000	0.912109
75.600000	0.912109
75.720000	0.912109
75.840000	0.912109
75.950000	0.912109
76.070000	0.910156
76.190000	0.910156
76.310000	0.910156
76.420000	0.911133
76.540000	0.911133
76.660000	0.910156
76.780000	0.910156
76.900000	0.910156
77.020000	0.908203
77.130000	0.909180
77.250000	0.908203
77.370000	0.909180
77.490000	0.909180
77.600000	0.908203
77.720000	0.908203
77.840000	0.909180
77.960000	0.908203
78.070000	0.908203
78.190000	0.908203
78.310000	0.908203
78.430000	0.906250
78.540000	0.907227
78.660000	0.907227
78.780000	0.907227
78.900000	0.907227
79.010000	0.906250
79.130000	0.906250
79.250000	0.906250
79.370000	0.905273
79.480000	0.906250
79.600000	0.907227
79.720000	0.906250
79.840000	0.905273
79.960000	0.905273
80.080000	0.904297
80.200000	0.905273
80.320000	0.904297
80.440000	0.904297
80.560000	0.904297
80.680000	0.904297
80.790000	0.904297
80.910000	0.904297
81.030000	0.903320
81.140000	0.904297
81.260000	0.903320
81.380000	0.904297
81.500000	0.903320
81.610000	0.904297
81.730000	0.903320
81.850000	0.903320
81.970000	0.903320
82.080000	0.903320
82.200000	0.902344
82.320000	0.903320
82.440000	0.903320
82.560000	0.902344
82.680000	0.902344
82.790000	0.902344
82.910000	0.902344
83.030000	0.902344
83.150000	0.902344
83.270000	0.902344
83.380000	0.901367
83.500000	0.902344
83.620000	0.901367
83.740000	0.901367
83.850000	0.901367
83.970000	0.902344
84.090000	0.900391
84.210000	0.900391
84.330000	0.900391
84.450000	0.899414
84.560000	0.901367
84.680000	0.900391
84.800000	0.900391
84.920000	0.899414
85.040000	0.899414
85.150000	0.900391
85.270000	0.900391
85.390000	0.900391
85.510000	0.900391
85.620000	0.899414
85.740000	0.899414
85.860000	0.899414
85.970000	0.899414
86.090000	0.899414
86.200000	0.898437
86.320000	0.899414
86.440000	0.898437
86.560000	0.898437
86.680000	0.899414
86.800000	0.899414
86.920000	0.899414
87.040000	0.898437
87.150000	0.899414
87.270000	0.898437
87.390000	0.898437
87.510000	0.898437
87.630000	0.898437
87.740000	0.898437
87.860000	0.898437
87.980000	0.897461
88.100000	0.897461
88.220000	0.897461
88.330000	0.897461
88.450000	0.897461
88.570000	0.897461
88.680000	0.897461
88.800000	0.897461
88.920000	0.897461
89.040000	0.896484
89.150000	0.896484
89.270000	0.897461
89.390000	0.896484
89.500000	0.897461
89.620000	0.897461
