30.070000	0.931641
30.200000	0.928711
30.320000	0.928711
30.440000	0.929687
30.560000	0.929687
30.680000	0.928711
30.800000	0.929687
30.920000	0.929687
31.040000	0.930664
31.160000	0.930664
31.270000	0.931641
31.390000	0.931641
31.510000	0.932617
31.630000	0.933594
31.750000	0.934570
31.870000	0.934570
31.990000	0.935547
32.110000	0.935547
32.230000	0.936523
32.350000	0.936523
32.460000	0.938477
32.580000	0.937500
32.700000	0.935547
32.820000	0.933594
32.940000	0.930664
33.060000	0.926758
33.180000	0.923828
33.310000	0.918945
33.430000	0.915039
33.550000	0.911133
33.670000	0.906250
33.790000	0.902344
33.910000	0.898437
34.030000	0.894531
34.150000	0.889648
34.270000	0.883789
34.390000	0.879883
34.510000	0.875000
34.630000	0.871094
34.750000	0.864258
34.870000	0.859375
34.990000	0.854492
35.110000	0.848633
35.230000	0.843750
35.350000	0.838867
35.470000	0.833008
35.590000	0.828125
35.710000	0.822266
35.830000	0.816406
35.950000	0.810547
36.070000	0.805664
36.200000	0.796875
36.320000	0.791992
36.440000	0.786133
36.560000	0.780273
36.680000	0.774414
36.800000	0.769531
36.920000	0.764648
37.040000	0.760742
37.160000	0.754883
37.280000	0.750000
37.400000	0.744141
37.530000	0.734375
37.640000	0.733398
37.760000	0.727539
37.880000	0.721680
38.000000	0.714844
38.120000	0.709961
38.240000	0.704102
38.370000	0.693359
38.490000	0.686523
38.610000	0.680664
38.730000	0.675781
38.850000	0.669922
38.970000	0.666992
39.090000	0.661133
39.210000	0.654297
39.340000	0.647461
39.460000	0.641602
39.580000	0.635742
39.700000	0.629883
39.820000	0.625000
39.940000	0.620117
40.060000	0.613281
40.180000	0.608398
40.300000	0.602539
40.430000	0.597656
40.550000	0.591797
40.670000	0.585937
40.790000	0.579102
40.910000	0.574219
41.030000	0.569336
41.150000	0.563477
41.270000	0.552734
41.390000	0.545898
41.510000	0.541016
41.630000	0.535156
41.760000	0.533203
41.880000	0.527344
42.000000	0.521484
42.120000	0.516602
42.240000	0.510742
42.360000	0.504883
42.480000	0.495117
42.600000	0.489258
42.720000	0.484375
42.840000	0.476563
42.960000	0.472656
43.090000	0.468750
43.210000	0.463867
43.330000	0.458984
43.450000	0.455078
43.570000	0.449219
43.690000	0.443359
43.810000	0.438477
43.930000	0.433594
44.050000	0.427734
44.170000	0.421875
44.290000	0.414063
44.410000	0.407227
44.530000	0.402344
44.650000	0.396484
44.780000	0.388672
44.900000	0.384766
45.020000	0.379883
45.140000	0.375000
45.260000	0.368164
45.380000	0.364258
45.500000	0.359375
45.620000	0.353516
45.740000	0.346680
45.870000	0.337891
45.990000	0.331055
46.110000	0.326172
46.230000	0.321289
46.350000	0.316406
46.470000	0.311523
46.590000	0.304688
46.710000	0.299805
46.830000	0.293945
46.950000	0.291992
47.070000	0.287109
47.190000	0.278320
47.310000	0.275391
47.430000	0.270508
47.550000	0.265625
47.670000	0.259766
47.790000	0.253906
47.920000	0.248047
48.040000	0.242188
48.160000	0.238281
48.280000	0.232422
48.400000	0.226563
48.520000	0.224609
48.640000	0.218750
48.760000	0.213867
48.890000	0.207031
49.010000	0.202148
49.130000	0.197266
49.250000	0.193359
49.370000	0.188477
49.490000	0.181641
49.610000	0.176758
49.730000	0.172852
49.850000	0.170898
49.970000	0.166016
50.090000	0.161133
50.210000	0.157227
50.330000	0.152344
50.460000	0.147461
50.580000	0.142578
50.700000	0.138672
50.820000	0.133789
50.940000	0.127930
51.060000	0.125977
51.180000	0.122070
51.300000	0.118164
51.420000	0.114258
51.540000	0.109375
51.660000	0.107422
51.780000	0.102539
51.900000	0.099609
52.020000	0.095703
52.140000	0.091797
52.260000	0.088867
52.380000	0.084961
52.510000	0.083008
52.630000	0.079102
52.750000	0.076172
52.870000	0.072266
52.990000	0.069336
53.110000	0.065430
53.230000	0.063477
53.350000	0.060547
53.480000	0.058594
53.600000	0.055664
53.720000	0.053711
53.840000	0.051758
53.960000	0.049805
54.080000	0.047852
54.200000	0.044922
54.320000	0.043945
54.440000	0.041992
54.560000	0.040039
54.680000	0.038086
54.800000	0.038086
54.920000	0.035156
55.040000	0.035156
55.160000	0.033203
55.280000	0.032227
55.400000	0.031250
55.520000	0.031250
55.640000	0.030273
55.760000	0.030273
55.880000	0.029297
56.000000	0.030273
56.120000	0.029297
56.240000	0.029297
56.360000	0.029297
56.480000	0.029297
56.600000	0.030273
56.720000	0.032227
56.840000	0.032227
56.960000	0.033203
57.080000	0.034180
57.200000	0.036133
57.320000	0.036133
57.440000	0.038086
57.560000	0.039063
57.680000	0.041016
57.810000	0.041992
57.930000	0.044922
58.050000	0.047852
58.170000	0.049805
58.290000	0.052734
58.410000	0.055664
58.530000	0.059570
58.650000	0.062500
58.770000	0.065430
58.890000	0.069336
59.020000	0.073242
59.140000	0.077148
59.260000	0.082031
59.380000	0.086914
59.500000	0.090820
59.620000	0.096680
59.740000	0.102539
59.860000	0.108398
59.980000	0.113281
60.100000	0.119141
60.230000	0.125000
60.350000	0.132813
60.470000	0.137695
60.590000	0.145508
60.710000	0.152344
60.830000	0.160156
60.950000	0.168945
61.070000	0.176758
61.190000	0.185547
61.320000	0.193359
61.440000	0.202148
61.560000	0.211914
61.680000	0.220703
61.800000	0.230469
61.920000	0.240234
62.040000	0.250000
62.160000	0.260742
62.280000	0.271484
62.400000	0.282227
62.520000	0.293945
62.640000	0.306641
62.770000	0.320313
62.890000	0.333984
63.010000	0.346680
63.130000	0.359375
63.250000	0.373047
63.370000	0.384766
63.490000	0.397461
63.610000	0.413086
63.740000	0.432617
63.860000	0.448242
63.980000	0.464844
64.100000	0.480469
64.220000	0.496094
64.340000	0.512695
64.460000	0.530273
64.580000	0.544922
64.700000	0.562500
64.820000	0.581055
64.940000	0.599609
65.070000	0.624023
65.190000	0.644531
65.310000	0.664062
65.430000	0.685547
65.550000	0.705078
65.670000	0.727539
65.790000	0.746094
65.910000	0.768555
66.030000	0.790039
66.160000	0.815430
66.280000	0.838867
66.400000	0.862305
66.520000	0.884766
66.640000	0.906250
66.760000	0.925781
66.880000	0.938477
67.000000	0.934570
67.130000	0.931641
67.250000	0.930664
67.370000	0.928711
67.490000	0.927734
67.600000	0.926758
67.720000	0.925781
67.840000	0.924805
67.960000	0.923828
68.080000	0.923828
68.200000	0.922852
68.320000	0.920898
68.440000	0.920898
68.560000	0.920898
68.670000	0.919922
68.790000	0.918945
68.910000	0.918945
69.030000	0.918945
69.150000	0.916992
69.270000	0.916992
69.380000	0.917969
69.500000	0.916992
69.620000	0.916016
69.740000	0.916016
69.860000	0.915039
69.980000	0.915039
70.090000	0.915039
70.210000	0.914062
70.330000	0.913086
70.450000	0.913086
70.570000	0.914062
70.690000	0.913086
70.800000	0.912109
70.930000	0.913086
71.050000	0.912109
71.170000	0.911133
71.280000	0.911133
71.400000	0.912109
71.520000	0.912109
71.640000	0.910156
71.760000	0.911133
71.880000	0.911133
71.990000	0.910156
72.110000	0.909180
72.230000	0.909180
72.350000	0.908203
72.460000	0.909180
72.580000	0.910156
72.700000	0.907227
72.820000	0.908203
72.940000	0.908203
73.060000	0.908203
73.180000	0.907227
73.300000	0.907227
73.420000	0.906250
73.530000	0.906250
73.650000	0.906250
73.770000	0.907227
73.890000	0.906250
74.000000	0.906250
74.120000	0.906250
74.240000	0.905273
74.360000	0.906250
74.480000	0.906250
74.600000	0.905273
74.720000	0.905273
74.840000	0.905273
74.950000	0.904297
75.080000	0.905273
75.200000	0.905273
75.310000	0.904297
75.440000	0.904297
75.550000	0.904297
75.670000	0.904297
75.790000	0.902344
75.910000	0.902344
76.030000	0.902344
76.150000	0.903320
76.270000	0.906250
76.390000	0.902344
76.510000	0.902344
76.630000	0.902344
76.740000	0.902344
76.860000	0.902344
76.980000	0.901367
77.100000	0.901367
77.220000	0.901367
77.330000	0.901367
77.450000	0.901367
77.570000	0.901367
77.690000	0.901367
77.800000	0.901367
77.920000	0.901367
78.040000	0.901367
78.160000	0.900391
78.280000	0.900391
78.400000	0.899414
78.510000	0.900391
78.630000	0.900391
78.750000	0.899414
78.870000	0.899414
78.980000	0.900391
79.100000	0.899414
79.220000	0.899414
79.340000	0.898437
79.460000	0.898437
79.570000	0.898437
79.690000	0.898437
79.810000	0.898437
79.930000	0.897461
80.040000	0.898437
80.160000	0.898437
80.280000	0.898437
80.400000	0.897461
80.510000	0.897461
80.630000	0.897461
80.750000	0.897461
80.870000	0.897461
80.990000	0.898437
81.100000	0.895508
81.220000	0.895508
81.340000	0.896484
81.460000	0.897461
81.580000	0.897461
81.700000	0.897461
81.820000	0.896484
81.930000	0.896484
82.050000	0.896484
82.170000	0.896484
82.290000	0.896484
82.410000	0.895508
82.530000	0.896484
82.650000	0.896484
82.760000	0.896484
82.880000	0.895508
83.000000	0.896484
83.120000	0.895508
83.240000	0.894531
83.360000	0.895508
83.480000	0.895508
83.600000	0.893555
83.720000	0.895508
83.840000	0.895508
83.960000	0.894531
84.080000	0.894531
84.200000	0.894531
84.320000	0.894531
84.430000	0.893555
84.550000	0.893555
84.670000	0.893555
84.790000	0.894531
84.910000	0.894531
85.030000	0.894531
85.150000	0.892578
85.270000	0.894531
85.390000	0.894531
85.510000	0.894531
85.620000	0.893555
85.740000	0.893555
85.860000	0.894531
85.980000	0.893555
86.100000	0.893555
86.220000	0.892578
86.340000	0.892578
86.450000	0.893555
86.570000	0.893555
86.690000	0.892578
86.810000	0.892578
86.930000	0.892578
87.040000	0.893555
87.160000	0.893555
87.280000	0.893555
87.400000	0.893555
87.510000	0.897461
87.630000	0.901367
87.750000	0.909180
87.880000	0.922852
88.000000	0.921875
88.120000	0.917969
88.240000	0.621094
88.360000	0.659180
88.480000	0.858398
88.600000	0.491211
88.720000	0.509766
88.850000	0.865234
88.970000	0.893555
89.090000	0.891602
89.210000	0.890625
89.330000	0.891602
89.450000	0.890625
89.560000	0.891602
