30.070000	0.912109
30.200000	0.911133
30.320000	0.911133
30.440000	0.911133
30.560000	0.911133
30.670000	0.911133
30.790000	0.909180
30.910000	0.911133
31.030000	0.911133
31.150000	0.911133
31.270000	0.911133
31.380000	0.911133
31.500000	0.911133
31.620000	0.912109
31.740000	0.912109
31.850000	0.912109
31.970000	0.912109
32.090000	0.912109
32.200000	0.912109
32.320000	0.912109
32.440000	0.912109
32.560000	0.910156
32.680000	0.911133
32.790000	0.912109
32.910000	0.912109
33.030000	0.912109
33.150000	0.912109
33.260000	0.912109
33.380000	0.913086
33.500000	0.912109
33.620000	0.912109
33.740000	0.912109
33.850000	0.913086
33.970000	0.913086
34.090000	0.913086
34.210000	0.913086
34.330000	0.913086
34.440000	0.913086
34.560000	0.914062
34.680000	0.914062
34.800000	0.913086
34.910000	0.913086
35.030000	0.914062
35.150000	0.914062
35.270000	0.913086
35.380000	0.913086
35.500000	0.915039
35.620000	0.914062
35.740000	0.914062
35.860000	0.914062
35.980000	0.915039
36.100000	0.915039
36.210000	0.915039
36.330000	0.914062
36.450000	0.915039
36.570000	0.915039
36.690000	0.914062
36.810000	0.915039
36.930000	0.914062
37.050000	0.915039
37.170000	0.916016
37.290000	0.916016
37.410000	0.915039
37.530000	0.915039
37.640000	0.916992
37.760000	0.916016
37.880000	0.916016
37.990000	0.916992
38.110000	0.916016
38.230000	0.916016
38.350000	0.916992
38.460000	0.916992
38.580000	0.916992
38.700000	0.916992
38.820000	0.916992
38.930000	0.916992
39.050000	0.916992
39.170000	0.917969
39.290000	0.917969
39.410000	0.917969
39.520000	0.917969
39.640000	0.917969
39.760000	0.918945
39.880000	0.917969
39.990000	0.918945
40.110000	0.918945
40.230000	0.918945
40.350000	0.918945
40.460000	0.918945
40.580000	0.919922
40.700000	0.918945
40.820000	0.919922
40.940000	0.919922
41.060000	0.918945
41.180000	0.918945
41.290000	0.921875
41.410000	0.921875
41.530000	0.919922
41.650000	0.920898
41.770000	0.921875
41.880000	0.921875
42.000000	0.922852
42.120000	0.922852
42.240000	0.922852
42.350000	0.920898
42.470000	0.922852
42.590000	0.922852
42.710000	0.923828
42.830000	0.925781
42.950000	0.925781
43.070000	0.924805
43.190000	0.925781
43.310000	0.926758
43.430000	0.927734
43.550000	0.927734
43.670000	0.927734
43.780000	0.927734
43.900000	0.929687
44.020000	0.930664
44.140000	0.931641
44.260000	0.932617
44.380000	0.933594
44.500000	0.934570
44.610000	0.936523
44.740000	0.940430
44.860000	0.943359
44.970000	0.934570
45.100000	0.923828
45.220000	0.914062
45.340000	0.903320
45.460000	0.891602
45.580000	0.880859
45.700000	0.869141
45.820000	0.858398
45.940000	0.845703
46.060000	0.833984
46.180000	0.821289
46.300000	0.810547
46.420000	0.798828
46.540000	0.787109
46.660000	0.776367
46.780000	0.765625
46.900000	0.754883
47.020000	0.744141
47.140000	0.736328
47.260000	0.724609
47.380000	0.710937
47.500000	0.698242
47.620000	0.686523
47.740000	0.675781
47.860000	0.663086
47.990000	0.647461
48.110000	0.636719
48.230000	0.625000
48.350000	0.615234
48.470000	0.603516
48.590000	0.591797
48.710000	0.579102
48.830000	0.569336
48.950000	0.559570
49.070000	0.550781
49.190000	0.536133
49.310000	0.525391
49.430000	0.514648
49.550000	0.505859
49.670000	0.493164
49.790000	0.481445
49.910000	0.470703
50.030000	0.459961
50.150000	0.450195
50.270000	0.440430
50.390000	0.424805
50.510000	0.415039
50.630000	0.405273
50.750000	0.395508
50.870000	0.384766
51.000000	0.373047
51.120000	0.364258
51.240000	0.354492
51.360000	0.343750
51.480000	0.333984
51.600000	0.324219
51.720000	0.313477
51.840000	0.305664
51.960000	0.296875
52.080000	0.287109
52.200000	0.280273
52.320000	0.270508
52.440000	0.261719
52.560000	0.252930
52.680000	0.243164
52.810000	0.231445
52.930000	0.224609
53.050000	0.217773
53.170000	0.207031
53.290000	0.199219
53.410000	0.191406
53.530000	0.183594
53.650000	0.175781
53.770000	0.167969
53.890000	0.162109
54.010000	0.153320
54.130000	0.146484
54.250000	0.140625
54.380000	0.132813
54.500000	0.125977
54.620000	0.119141
54.740000	0.112305
54.860000	0.106445
54.980000	0.099609
55.100000	0.093750
55.220000	0.087891
55.340000	0.083984
55.460000	0.077148
55.580000	0.072266
55.700000	0.067383
55.820000	0.061523
55.940000	0.057617
56.060000	0.054688
56.180000	0.049805
56.300000	0.044922
56.430000	0.042969
56.550000	0.038086
56.670000	0.034180
56.790000	0.032227
56.910000	0.029297
57.030000	0.026367
57.150000	0.024414
57.270000	0.022461
57.390000	0.019531
57.510000	0.018555
57.630000	0.016602
57.760000	0.015625
57.880000	0.015625
57.990000	0.013672
58.110000	0.013672
58.230000	0.014648
58.350000	0.013672
58.470000	0.015625
58.600000	0.015625
58.710000	0.017578
58.840000	0.018555
58.960000	0.020508
59.080000	0.022461
59.200000	0.023437
59.320000	0.027344
59.440000	0.030273
59.560000	0.034180
59.680000	0.037109
59.800000	0.040039
59.920000	0.044922
60.040000	0.049805
60.160000	0.055664
60.280000	0.059570
60.400000	0.065430
60.530000	0.072266
60.650000	0.079102
60.770000	0.085937
60.890000	0.093750
61.010000	0.100586
61.130000	0.108398
61.250000	0.117188
61.370000	0.125977
61.490000	0.136719
61.610000	0.146484
61.730000	0.155273
61.850000	0.166016
61.970000	0.177734
62.090000	0.189453
62.220000	0.201172
62.340000	0.214844
62.460000	0.227539
62.580000	0.240234
62.700000	0.254883
62.820000	0.269531
62.940000	0.286133
63.060000	0.300781
63.180000	0.317383
63.300000	0.334961
63.420000	0.351563
63.540000	0.369141
63.660000	0.388672
63.780000	0.407227
63.900000	0.426758
64.020000	0.444336
64.140000	0.464844
64.260000	0.486328
64.380000	0.507812
64.510000	0.532227
64.630000	0.555664
64.750000	0.580078
64.870000	0.604492
64.990000	0.630859
65.110000	0.656250
65.230000	0.682617
65.350000	0.709961
65.470000	0.737305
65.590000	0.764648
65.710000	0.794922
65.830000	0.824219
65.950000	0.853516
66.070000	0.883789
66.190000	0.914062
66.310000	0.939453
66.430000	0.936523
66.560000	0.931641
66.680000	0.929687
66.800000	0.927734
66.920000	0.925781
67.040000	0.924805
67.160000	0.922852
67.280000	0.921875
67.400000	0.920898
67.520000	0.919922
67.640000	0.917969
67.760000	0.918945
67.870000	0.918945
67.990000	0.916016
68.110000	0.916992
68.230000	0.916016
68.350000	0.916016
68.460000	0.916016
68.580000	0.914062
68.700000	0.914062
68.820000	0.915039
68.940000	0.914062
69.060000	0.914062
69.180000	0.914062
69.300000	0.913086
69.410000	0.912109
69.530000	0.912109
69.650000	0.912109
69.770000	0.912109
69.890000	0.912109
70.000000	0.911133
70.120000	0.911133
70.240000	0.911133
70.360000	0.910156
70.480000	0.909180
70.590000	0.909180
70.710000	0.909180
70.830000	0.909180
70.950000	0.908203
71.060000	0.909180
71.180000	0.908203
71.300000	0.908203
71.420000	0.907227
71.540000	0.907227
71.650000	0.907227
71.770000	0.907227
71.890000	0.907227
72.010000	0.906250
72.120000	0.906250
72.240000	0.907227
72.360000	0.906250
72.470000	0.906250
72.590000	0.905273
72.710000	0.905273
72.830000	0.905273
72.950000	0.906250
73.070000	0.905273
73.190000	0.905273
73.300000	0.905273
73.420000	0.905273
73.540000	0.904297
73.660000	0.904297
73.780000	0.904297
73.890000	0.904297
74.010000	0.904297
74.130000	0.902344
74.250000	0.903320
74.370000	0.902344
74.490000	0.903320
74.610000	0.902344
74.730000	0.902344
74.850000	0.901367
74.960000	0.902344
75.080000	0.902344
75.200000	0.902344
75.310000	0.901367
75.430000	0.901367
75.550000	0.898437
75.670000	0.901367
75.790000	0.901367
75.910000	0.901367
76.020000	0.901367
76.140000	0.900391
76.260000	0.901367
76.380000	0.901367
76.500000	0.901367
76.620000	0.901367
76.730000	0.901367
76.850000	0.900391
76.970000	0.899414
77.090000	0.899414
77.210000	0.899414
77.320000	0.900391
77.440000	0.900391
77.560000	0.899414
77.680000	0.900391
77.790000	0.899414
77.910000	0.899414
78.030000	0.898437
78.150000	0.898437
78.270000	0.898437
78.380000	0.898437
78.500000	0.898437
78.620000	0.899414
78.740000	0.898437
78.860000	0.898437
78.980000	0.898437
79.090000	0.897461
79.210000	0.898437
79.330000	0.898437
79.450000	0.899414
79.570000	0.897461
79.690000	0.897461
79.800000	0.897461
79.920000	0.897461
80.040000	0.897461
80.150000	0.897461
80.270000	0.897461
80.390000	0.897461
80.510000	0.896484
80.620000	0.897461
80.740000	0.896484
80.860000	0.898437
80.980000	0.896484
81.090000	0.896484
81.210000	0.896484
81.330000	0.896484
81.450000	0.895508
81.570000	0.895508
81.680000	0.895508
81.800000	0.896484
81.920000	0.896484
82.040000	0.896484
82.150000	0.894531
82.280000	0.896484
82.400000	0.895508
82.510000	0.896484
82.630000	0.895508
82.750000	0.895508
82.870000	0.895508
82.980000	0.895508
83.100000	0.895508
83.220000	0.895508
83.340000	0.892578
83.460000	0.894531
83.580000	0.894531
83.690000	0.894531
83.810000	0.894531
83.930000	0.893555
84.050000	0.893555
84.170000	0.893555
84.280000	0.894531
84.400000	0.894531
84.520000	0.893555
84.640000	0.893555
84.760000	0.893555
84.880000	0.893555
85.000000	0.893555
85.110000	0.892578
85.230000	0.893555
85.350000	0.892578
85.470000	0.893555
85.580000	0.893555
85.700000	0.893555
85.820000	0.893555
85.930000	0.892578
86.050000	0.893555
86.170000	0.893555
86.280000	0.892578
86.400000	0.893555
86.520000	0.892578
86.640000	0.892578
86.760000	0.892578
86.870000	0.892578
86.990000	0.891602
87.110000	0.892578
87.230000	0.892578
87.350000	0.892578
87.460000	0.893555
87.580000	0.892578
87.700000	0.894531
87.820000	0.895508
87.940000	0.899414
88.060000	0.904297
88.180000	0.908203
88.300000	0.911133
88.420000	0.921875
88.540000	0.920898
88.660000	0.910156
88.780000	0.893555
88.900000	0.890625
89.020000	0.890625
89.140000	0.889648
89.260000	0.889648
89.380000	0.889648
89.490000	0.890625
89.610000	0.890625
