30.070000	0.856445
30.210000	0.854492
30.330000	0.850586
30.450000	0.846680
30.570000	0.842773
30.690000	0.839844
30.810000	0.835937
30.930000	0.833984
31.050000	0.828125
31.170000	0.826172
31.290000	0.823242
31.410000	0.818359
31.530000	0.813477
31.650000	0.810547
31.770000	0.807617
31.890000	0.802734
32.010000	0.799805
32.130000	0.795898
32.250000	0.791992
32.370000	0.787109
32.490000	0.784180
32.610000	0.775391
32.730000	0.771484
32.850000	0.767578
32.970000	0.762695
33.090000	0.759766
33.210000	0.754883
33.340000	0.751953
33.460000	0.748047
33.580000	0.744141
33.700000	0.741211
33.810000	0.738281
33.930000	0.733398
34.050000	0.725586
34.170000	0.721680
34.290000	0.715820
34.410000	0.711914
34.540000	0.710937
34.650000	0.703125
34.780000	0.704102
34.890000	0.694336
35.010000	0.689453
35.130000	0.685547
35.250000	0.681641
35.380000	0.679687
35.490000	0.670898
35.620000	0.670898
35.730000	0.662109
35.850000	0.657227
35.970000	0.654297
36.090000	0.649414
36.210000	0.644531
36.330000	0.640625
36.450000	0.634766
36.580000	0.634766
36.690000	0.626953
36.810000	0.621094
36.930000	0.616211
37.050000	0.612305
37.180000	0.613281
37.290000	0.603516
37.420000	0.603516
37.530000	0.595703
37.650000	0.589844
37.780000	0.589844
37.890000	0.581055
38.010000	0.577148
38.140000	0.575195
38.250000	0.567383
38.380000	0.566406
38.490000	0.558594
38.610000	0.553711
38.740000	0.551758
38.860000	0.548828
38.970000	0.540039
39.100000	0.539062
39.220000	0.534180
39.340000	0.530273
39.460000	0.525391
39.580000	0.520508
39.700000	0.515625
39.820000	0.509766
39.940000	0.505859
40.060000	0.500977
40.180000	0.491211
40.300000	0.486328
40.420000	0.482422
40.550000	0.482422
40.660000	0.472656
40.780000	0.468750
40.900000	0.462891
41.030000	0.464844
41.140000	0.454102
41.270000	0.454102
41.380000	0.444336
41.500000	0.440430
41.620000	0.435547
41.740000	0.430664
41.870000	0.429688
41.990000	0.426758
42.110000	0.420898
42.230000	0.416016
42.350000	0.411133
42.470000	0.406250
42.590000	0.401367
42.710000	0.396484
42.830000	0.392578
42.950000	0.387695
43.070000	0.382812
43.190000	0.374023
43.310000	0.370117
43.430000	0.364258
43.550000	0.360352
43.670000	0.354492
43.800000	0.352539
43.920000	0.348633
44.030000	0.340820
44.160000	0.338867
44.280000	0.333984
44.400000	0.330078
44.520000	0.326172
44.640000	0.323242
44.760000	0.318359
44.880000	0.314453
45.000000	0.307617
45.120000	0.305664
45.240000	0.298828
45.360000	0.293945
45.480000	0.290039
45.600000	0.285156
45.720000	0.279297
45.840000	0.275391
45.960000	0.271484
46.090000	0.266602
46.210000	0.260742
46.320000	0.258789
46.440000	0.252930
46.560000	0.249023
46.680000	0.245117
46.800000	0.239258
46.930000	0.235352
47.050000	0.230469
47.170000	0.226563
47.290000	0.221680
47.410000	0.216797
47.530000	0.212891
47.650000	0.208008
47.770000	0.205078
47.890000	0.200195
48.010000	0.195312
48.130000	0.191406
48.250000	0.186523
48.370000	0.183594
48.500000	0.178711
48.620000	0.173828
48.740000	0.169922
48.860000	0.166016
48.980000	0.163086
49.100000	0.158203
49.220000	0.154297
49.340000	0.150391
49.460000	0.147461
49.580000	0.143555
49.700000	0.138672
49.820000	0.136719
49.940000	0.131836
50.060000	0.127930
50.180000	0.124023
50.300000	0.119141
50.420000	0.115234
50.540000	0.112305
50.660000	0.109375
50.780000	0.104492
50.900000	0.100586
51.020000	0.097656
51.150000	0.093750
51.270000	0.091797
51.390000	0.086914
51.510000	0.084961
51.630000	0.082031
51.750000	0.078125
51.870000	0.074219
51.990000	0.072266
52.110000	0.069336
52.230000	0.065430
52.350000	0.062500
52.470000	0.059570
52.590000	0.057617
52.710000	0.054688
52.830000	0.052734
52.950000	0.048828
53.080000	0.045898
53.200000	0.044922
53.320000	0.041016
53.440000	0.038086
53.560000	0.037109
53.680000	0.034180
53.800000	0.031250
53.920000	0.029297
54.040000	0.029297
54.160000	0.026367
54.280000	0.023437
54.400000	0.022461
54.520000	0.019531
54.640000	0.018555
54.760000	0.016602
54.890000	0.014648
55.010000	0.013672
55.130000	0.012695
55.250000	0.010742
55.370000	0.010742
55.490000	0.010742
55.600000	0.008789
55.720000	0.007813
55.840000	0.006836
55.970000	0.005859
56.090000	0.004883
56.210000	0.004883
56.330000	0.003906
56.450000	0.003906
56.570000	0.002930
56.690000	0.002930
56.810000	0.002930
56.920000	0.002930
57.040000	0.002930
57.160000	0.003906
57.280000	0.004883
57.400000	0.004883
57.520000	0.004883
57.630000	0.005859
57.760000	0.006836
57.880000	0.007813
58.000000	0.009766
58.120000	0.010742
58.240000	0.011719
58.360000	0.013672
58.480000	0.018555
58.600000	0.019531
58.720000	0.018555
58.840000	0.021484
58.970000	0.022461
59.090000	0.025391
59.210000	0.027344
59.330000	0.030273
59.450000	0.033203
59.570000	0.037109
59.690000	0.040039
59.810000	0.042969
59.930000	0.046875
60.050000	0.049805
60.170000	0.053711
60.290000	0.057617
60.420000	0.062500
60.540000	0.067383
60.660000	0.071289
60.780000	0.076172
60.900000	0.081055
61.020000	0.085937
61.140000	0.091797
61.260000	0.096680
61.380000	0.102539
61.500000	0.108398
61.620000	0.114258
61.740000	0.120117
61.870000	0.129883
61.990000	0.136719
62.110000	0.142578
62.230000	0.150391
62.350000	0.158203
62.470000	0.166016
62.590000	0.171875
62.710000	0.181641
62.830000	0.188477
62.950000	0.197266
63.070000	0.206055
63.190000	0.214844
63.310000	0.224609
63.430000	0.234375
63.560000	0.247070
63.680000	0.256836
63.800000	0.267578
63.920000	0.278320
64.040000	0.290039
64.160000	0.298828
64.280000	0.311523
64.400000	0.323242
64.520000	0.334961
64.640000	0.347656
64.770000	0.362305
64.890000	0.375000
65.010000	0.388672
65.130000	0.404297
65.250000	0.416992
65.370000	0.433594
65.490000	0.449219
65.610000	0.463867
65.730000	0.477539
65.850000	0.492188
65.970000	0.509766
66.090000	0.526367
66.210000	0.543945
66.340000	0.561523
66.460000	0.579102
66.580000	0.596680
66.700000	0.614258
66.820000	0.633789
66.940000	0.655273
67.060000	0.675781
67.180000	0.693359
67.300000	0.714844
67.420000	0.736328
67.540000	0.755859
67.660000	0.776367
67.780000	0.800781
67.900000	0.823242
68.020000	0.843750
68.140000	0.865234
68.260000	0.884766
68.390000	0.905273
68.510000	0.922852
68.630000	0.935547
68.750000	0.940430
68.870000	0.938477
68.990000	0.933594
69.110000	0.933594
69.230000	0.932617
69.350000	0.931641
69.460000	0.929687
69.580000	0.928711
69.700000	0.927734
69.820000	0.927734
69.940000	0.926758
70.060000	0.926758
70.170000	0.925781
70.290000	0.924805
70.420000	0.923828
70.540000	0.923828
70.650000	0.922852
70.770000	0.922852
70.890000	0.921875
71.010000	0.921875
71.130000	0.920898
71.240000	0.920898
71.360000	0.920898
71.480000	0.919922
71.600000	0.918945
71.720000	0.919922
71.840000	0.917969
71.950000	0.919922
72.070000	0.919922
72.190000	0.918945
72.310000	0.918945
72.430000	0.916992
72.550000	0.916992
72.670000	0.916992
72.780000	0.916992
72.900000	0.916016
73.020000	0.916016
73.140000	0.915039
73.250000	0.916016
73.370000	0.916016
73.490000	0.915039
73.610000	0.915039
73.720000	0.916016
73.840000	0.915039
73.960000	0.913086
74.080000	0.914062
74.200000	0.914062
74.310000	0.914062
74.430000	0.914062
74.550000	0.913086
74.670000	0.912109
74.790000	0.912109
74.900000	0.912109
75.020000	0.912109
75.140000	0.911133
75.260000	0.911133
75.370000	0.911133
75.490000	0.911133
75.610000	0.911133
75.720000	0.911133
75.840000	0.911133
75.960000	0.910156
76.080000	0.910156
76.200000	0.910156
76.310000	0.910156
76.430000	0.910156
76.550000	0.909180
76.670000	0.909180
76.780000	0.908203
76.900000	0.909180
77.020000	0.908203
77.140000	0.908203
77.250000	0.908203
77.370000	0.907227
77.490000	0.908203
77.610000	0.907227
77.730000	0.907227
77.850000	0.907227
77.960000	0.906250
78.080000	0.907227
78.200000	0.907227
78.320000	0.906250
78.430000	0.906250
78.550000	0.907227
78.670000	0.906250
78.780000	0.906250
78.900000	0.905273
79.020000	0.905273
79.140000	0.905273
79.260000	0.906250
79.380000	0.905273
79.500000	0.905273
79.620000	0.904297
79.730000	0.904297
79.850000	0.904297
79.970000	0.904297
80.080000	0.903320
80.200000	0.904297
80.320000	0.904297
80.440000	0.904297
80.550000	0.902344
80.670000	0.902344
80.790000	0.903320
80.910000	0.901367
81.030000	0.902344
81.150000	0.904297
81.270000	0.903320
81.390000	0.902344
81.510000	0.903320
81.630000	0.902344
81.750000	0.901367
81.870000	0.902344
81.980000	0.902344
82.100000	0.901367
82.220000	0.901367
82.330000	0.901367
82.450000	0.901367
82.570000	0.901367
82.690000	0.900391
82.810000	0.900391
82.920000	0.900391
83.040000	0.900391
83.160000	0.900391
83.270000	0.900391
83.390000	0.901367
83.510000	0.900391
83.630000	0.899414
83.750000	0.899414
83.870000	0.900391
83.980000	0.900391
84.100000	0.900391
84.220000	0.899414
84.340000	0.898437
84.460000	0.899414
84.580000	0.899414
84.690000	0.900391
84.810000	0.900391
84.930000	0.898437
85.050000	0.898437
85.170000	0.899414
85.290000	0.898437
85.410000	0.898437
85.530000	0.898437
85.640000	0.898437
85.760000	0.898437
85.880000	0.898437
85.990000	0.898437
86.110000	0.898437
86.230000	0.897461
86.350000	0.897461
86.460000	0.898437
86.580000	0.897461
86.700000	0.897461
86.820000	0.897461
86.930000	0.897461
87.050000	0.898437
87.170000	0.897461
87.290000	0.897461
87.400000	0.897461
87.520000	0.897461
87.640000	0.897461
87.760000	0.896484
87.870000	0.897461
87.990000	0.897461
88.110000	0.896484
88.230000	0.898437
88.340000	0.899414
88.460000	0.899414
88.580000	0.903320
88.700000	0.908203
88.820000	0.916016
88.940000	0.936523
89.060000	0.932617
89.180000	0.696289
89.300000	0.611328
89.430000	0.874023
89.550000	0.899414
