30.080000	0.889648
30.200000	0.886719
30.320000	0.887695
30.430000	0.887695
30.550000	0.887695
30.660000	0.888672
30.770000	0.888672
30.890000	0.888672
31.010000	0.888672
31.120000	0.888672
31.240000	0.889648
31.360000	0.888672
31.470000	0.889648
31.590000	0.888672
31.700000	0.889648
31.820000	0.889648
31.940000	0.888672
32.050000	0.889648
32.170000	0.888672
32.290000	0.889648
32.400000	0.889648
32.520000	0.889648
32.630000	0.890625
32.750000	0.889648
32.860000	0.889648
32.980000	0.890625
33.090000	0.889648
33.210000	0.890625
33.320000	0.889648
33.440000	0.890625
33.550000	0.890625
33.670000	0.890625
33.780000	0.890625
33.900000	0.890625
34.010000	0.890625
34.130000	0.890625
34.240000	0.890625
34.360000	0.889648
34.470000	0.891602
34.590000	0.890625
34.700000	0.890625
34.820000	0.890625
34.930000	0.891602
35.050000	0.891602
35.160000	0.891602
35.280000	0.891602
35.390000	0.892578
35.510000	0.892578
35.620000	0.892578
35.740000	0.892578
35.850000	0.892578
35.970000	0.892578
36.080000	0.893555
36.200000	0.892578
36.310000	0.892578
36.430000	0.892578
36.540000	0.893555
36.660000	0.893555
36.770000	0.893555
36.880000	0.892578
37.000000	0.894531
37.110000	0.894531
37.230000	0.894531
37.340000	0.894531
37.460000	0.894531
37.570000	0.895508
37.690000	0.894531
37.810000	0.894531
37.920000	0.895508
38.040000	0.895508
38.150000	0.895508
38.270000	0.895508
38.380000	0.895508
38.500000	0.895508
38.620000	0.896484
38.730000	0.896484
38.850000	0.896484
38.960000	0.897461
39.080000	0.897461
39.200000	0.896484
39.310000	0.897461
39.430000	0.898437
39.540000	0.898437
39.660000	0.898437
39.770000	0.898437
39.890000	0.898437
40.000000	0.899414
40.120000	0.899414
40.230000	0.900391
40.350000	0.900391
40.460000	0.901367
40.580000	0.901367
40.690000	0.902344
40.810000	0.903320
40.920000	0.903320
41.040000	0.902344
41.150000	0.903320
41.270000	0.905273
41.390000	0.905273
41.500000	0.906250
41.620000	0.907227
41.730000	0.910156
41.850000	0.911133
41.970000	0.913086
42.080000	0.917969
42.200000	0.912109
42.320000	0.904297
42.440000	0.896484
42.560000	0.887695
42.680000	0.878906
42.800000	0.871094
42.910000	0.863281
43.030000	0.853516
43.150000	0.844727
43.270000	0.835937
43.380000	0.825195
43.500000	0.815430
43.620000	0.808594
43.740000	0.799805
43.860000	0.790039
43.970000	0.779297
44.090000	0.768555
44.210000	0.759766
44.320000	0.753906
44.440000	0.740234
44.560000	0.732422
44.670000	0.726562
44.790000	0.718750
44.910000	0.708008
45.020000	0.701172
45.140000	0.696289
45.260000	0.686523
45.370000	0.676758
45.490000	0.669922
45.610000	0.656250
45.730000	0.645508
45.840000	0.639648
45.960000	0.629883
46.080000	0.618164
46.200000	0.608398
46.310000	0.599609
46.430000	0.589844
46.550000	0.583008
46.670000	0.578125
46.780000	0.564453
46.900000	0.555664
47.020000	0.545898
47.130000	0.539062
47.250000	0.526367
47.370000	0.517578
47.480000	0.509766
47.600000	0.500000
47.720000	0.490234
47.830000	0.480469
47.950000	0.472656
48.070000	0.467773
48.180000	0.456055
48.300000	0.449219
48.420000	0.440430
48.530000	0.434570
48.650000	0.422852
48.770000	0.414063
48.890000	0.404297
49.000000	0.397461
49.120000	0.390625
49.240000	0.383789
49.360000	0.373047
49.480000	0.365234
49.590000	0.356445
49.710000	0.348633
49.820000	0.343750
49.940000	0.331055
50.060000	0.323242
50.180000	0.315430
50.290000	0.310547
50.410000	0.300781
50.530000	0.292969
50.640000	0.283203
50.760000	0.278320
50.880000	0.271484
50.990000	0.263672
51.110000	0.256836
51.230000	0.248047
51.340000	0.242188
51.460000	0.233398
51.580000	0.226563
51.700000	0.219727
51.810000	0.214844
51.930000	0.208984
52.050000	0.201172
52.160000	0.194336
52.280000	0.187500
52.400000	0.182617
52.520000	0.175781
52.630000	0.166992
52.750000	0.161133
52.870000	0.156250
52.980000	0.150391
53.100000	0.143555
53.220000	0.137695
53.330000	0.132813
53.450000	0.127930
53.560000	0.123047
53.680000	0.117188
53.800000	0.112305
53.920000	0.107422
54.030000	0.102539
54.150000	0.097656
54.270000	0.092773
54.380000	0.089844
54.500000	0.084961
54.620000	0.080078
54.740000	0.077148
54.850000	0.073242
54.970000	0.069336
55.090000	0.066406
55.200000	0.062500
55.320000	0.059570
55.440000	0.055664
55.550000	0.053711
55.670000	0.051758
55.790000	0.048828
55.900000	0.046875
56.020000	0.043945
56.140000	0.042969
56.250000	0.041016
56.370000	0.039063
56.490000	0.038086
56.600000	0.037109
56.720000	0.036133
56.840000	0.035156
56.960000	0.035156
57.070000	0.033203
57.190000	0.034180
57.300000	0.034180
57.420000	0.035156
57.530000	0.036133
57.650000	0.036133
57.770000	0.037109
57.880000	0.038086
58.000000	0.041016
58.120000	0.041992
58.230000	0.042969
58.350000	0.045898
58.470000	0.047852
58.590000	0.050781
58.700000	0.054688
58.820000	0.057617
58.940000	0.061523
59.060000	0.065430
59.170000	0.069336
59.290000	0.074219
59.410000	0.077148
59.530000	0.080078
59.640000	0.085937
59.760000	0.091797
59.880000	0.097656
59.990000	0.103516
60.110000	0.109375
60.230000	0.117188
60.350000	0.125000
60.460000	0.131836
60.580000	0.139648
60.700000	0.147461
60.810000	0.157227
60.930000	0.164063
61.050000	0.173828
61.170000	0.183594
61.280000	0.194336
61.400000	0.204102
61.520000	0.216797
61.630000	0.225586
61.750000	0.237305
61.870000	0.250000
61.990000	0.263672
62.100000	0.276367
62.220000	0.287109
62.340000	0.301758
62.450000	0.317383
62.570000	0.330078
62.690000	0.344727
62.800000	0.360352
62.920000	0.375977
63.040000	0.394531
63.160000	0.413086
63.270000	0.425781
63.390000	0.445313
63.510000	0.463867
63.620000	0.485352
63.740000	0.499023
63.860000	0.518555
63.980000	0.540039
64.100000	0.562500
64.210000	0.585937
64.330000	0.606445
64.450000	0.630859
64.560000	0.649414
64.680000	0.676758
64.800000	0.701172
64.920000	0.726562
65.030000	0.749023
65.150000	0.775391
65.270000	0.799805
65.390000	0.827148
65.510000	0.853516
65.620000	0.879883
65.740000	0.906250
65.860000	0.914062
65.980000	0.907227
66.090000	0.905273
66.210000	0.903320
66.320000	0.901367
66.440000	0.900391
66.560000	0.899414
66.670000	0.897461
66.790000	0.897461
66.900000	0.895508
67.020000	0.894531
67.130000	0.894531
67.250000	0.894531
67.360000	0.893555
67.480000	0.893555
67.590000	0.892578
67.710000	0.892578
67.820000	0.891602
67.940000	0.890625
68.060000	0.891602
68.170000	0.890625
68.290000	0.889648
68.410000	0.889648
68.520000	0.889648
68.640000	0.887695
68.750000	0.888672
68.870000	0.887695
68.980000	0.888672
69.100000	0.887695
69.210000	0.886719
69.330000	0.886719
69.450000	0.885742
69.560000	0.886719
69.680000	0.886719
69.790000	0.885742
69.910000	0.885742
70.020000	0.884766
70.140000	0.884766
70.250000	0.884766
70.370000	0.884766
70.490000	0.884766
70.600000	0.883789
70.720000	0.883789
70.830000	0.883789
70.950000	0.880859
71.070000	0.883789
71.190000	0.882812
71.300000	0.882812
71.420000	0.882812
71.530000	0.882812
71.650000	0.882812
71.770000	0.880859
71.880000	0.881836
72.000000	0.881836
72.110000	0.880859
72.230000	0.880859
72.340000	0.880859
72.460000	0.881836
72.570000	0.878906
72.690000	0.880859
72.800000	0.879883
72.920000	0.879883
73.030000	0.880859
73.150000	0.879883
73.270000	0.878906
73.380000	0.878906
73.500000	0.878906
73.620000	0.878906
73.730000	0.879883
73.850000	0.878906
73.960000	0.877930
74.080000	0.878906
74.190000	0.878906
74.310000	0.877930
74.420000	0.878906
74.530000	0.877930
74.650000	0.877930
74.760000	0.877930
74.880000	0.877930
74.990000	0.878906
75.110000	0.876953
75.230000	0.875977
75.340000	0.876953
75.460000	0.876953
75.570000	0.876953
75.690000	0.876953
75.800000	0.876953
75.920000	0.876953
76.030000	0.876953
76.150000	0.875977
76.260000	0.875977
76.380000	0.875977
76.490000	0.875977
76.610000	0.875977
76.720000	0.875977
76.840000	0.875977
76.950000	0.875977
77.070000	0.875000
77.180000	0.875000
77.300000	0.875000
77.410000	0.875000
77.530000	0.874023
77.640000	0.874023
77.760000	0.875000
77.870000	0.875000
77.990000	0.875000
78.100000	0.875000
78.220000	0.875000
78.330000	0.874023
78.450000	0.874023
78.570000	0.875000
78.680000	0.874023
78.800000	0.874023
78.910000	0.874023
79.030000	0.874023
79.140000	0.873047
79.260000	0.873047
79.370000	0.873047
79.490000	0.873047
79.600000	0.874023
79.720000	0.873047
79.830000	0.873047
79.950000	0.873047
80.060000	0.873047
80.180000	0.873047
80.290000	0.873047
80.410000	0.872070
80.520000	0.872070
80.640000	0.873047
80.750000	0.873047
80.870000	0.873047
80.980000	0.873047
81.100000	0.872070
81.210000	0.873047
81.330000	0.873047
81.450000	0.872070
81.560000	0.872070
81.680000	0.871094
81.790000	0.872070
81.910000	0.871094
82.020000	0.871094
82.140000	0.871094
82.250000	0.872070
82.370000	0.872070
82.490000	0.871094
82.600000	0.871094
82.720000	0.870117
82.830000	0.871094
82.950000	0.871094
83.060000	0.872070
83.180000	0.870117
83.300000	0.871094
83.420000	0.869141
83.530000	0.871094
83.650000	0.870117
83.770000	0.870117
83.880000	0.870117
84.000000	0.869141
84.120000	0.869141
84.230000	0.870117
84.340000	0.870117
84.460000	0.870117
84.570000	0.870117
84.690000	0.870117
84.800000	0.870117
84.920000	0.870117
85.030000	0.870117
85.150000	0.869141
85.260000	0.870117
85.380000	0.870117
85.490000	0.869141
85.610000	0.870117
85.720000	0.870117
85.840000	0.868164
85.950000	0.869141
86.070000	0.869141
86.190000	0.869141
86.300000	0.869141
86.420000	0.868164
86.530000	0.869141
86.650000	0.869141
86.760000	0.868164
86.880000	0.868164
86.990000	0.868164
87.110000	0.868164
87.220000	0.868164
87.340000	0.868164
87.450000	0.869141
87.570000	0.868164
87.680000	0.868164
87.800000	0.868164
87.910000	0.868164
88.030000	0.867187
88.140000	0.867187
88.260000	0.868164
88.370000	0.867187
88.490000	0.868164
88.600000	0.867187
88.720000	0.868164
88.830000	0.867187
88.950000	0.868164
89.060000	0.865234
89.180000	0.866211
89.300000	0.867187
89.420000	0.867187
89.530000	0.868164
