30.070000	0.782227
30.200000	0.780273
30.320000	0.776367
30.440000	0.772461
30.570000	0.769531
30.690000	0.764648
30.810000	0.761719
30.930000	0.756836
31.050000	0.753906
31.170000	0.750977
31.290000	0.746094
31.410000	0.742187
31.530000	0.739258
31.650000	0.735352
31.770000	0.730469
31.890000	0.727539
32.010000	0.724609
32.130000	0.719727
32.250000	0.715820
32.370000	0.712891
32.480000	0.710937
32.600000	0.707031
32.720000	0.704102
32.850000	0.699219
32.970000	0.694336
33.090000	0.689453
33.210000	0.686523
33.330000	0.682617
33.450000	0.678711
33.570000	0.674805
33.690000	0.670898
33.810000	0.667969
33.930000	0.663086
34.050000	0.659180
34.170000	0.656250
34.290000	0.652344
34.410000	0.652344
34.530000	0.644531
34.650000	0.639648
34.770000	0.635742
34.890000	0.630859
35.010000	0.632812
35.130000	0.624023
35.250000	0.624023
35.370000	0.614258
35.490000	0.610352
35.610000	0.607422
35.730000	0.601562
35.850000	0.597656
35.970000	0.593750
36.090000	0.595703
36.210000	0.590820
36.330000	0.585937
36.450000	0.583008
36.570000	0.578125
36.690000	0.573242
36.820000	0.565430
36.930000	0.565430
37.050000	0.561523
37.170000	0.556641
37.290000	0.553711
37.420000	0.543945
37.530000	0.542969
37.650000	0.539062
37.770000	0.535156
37.890000	0.529297
38.010000	0.525391
38.130000	0.521484
38.250000	0.517578
38.370000	0.511719
38.500000	0.501953
38.620000	0.499023
38.740000	0.494141
38.860000	0.489258
38.980000	0.484375
39.100000	0.480469
39.220000	0.475586
39.340000	0.470703
39.460000	0.467773
39.580000	0.462891
39.700000	0.457031
39.820000	0.453125
39.940000	0.449219
40.060000	0.445313
40.180000	0.440430
40.300000	0.439453
40.420000	0.431641
40.540000	0.425781
40.660000	0.422852
40.780000	0.418945
40.900000	0.417969
41.020000	0.409180
41.140000	0.409180
41.260000	0.400391
41.380000	0.396484
41.500000	0.391602
41.620000	0.391602
41.740000	0.382812
41.860000	0.377930
41.980000	0.377930
42.100000	0.370117
42.220000	0.365234
42.340000	0.361328
42.460000	0.356445
42.580000	0.352539
42.700000	0.352539
42.820000	0.349609
42.940000	0.345703
43.060000	0.341797
43.190000	0.333008
43.310000	0.328125
43.420000	0.328125
43.540000	0.325195
43.660000	0.319336
43.780000	0.315430
43.900000	0.311523
44.020000	0.305664
44.150000	0.297852
44.270000	0.293945
44.390000	0.289062
44.510000	0.286133
44.630000	0.282227
44.750000	0.277344
44.870000	0.273438
44.990000	0.269531
45.110000	0.264648
45.230000	0.259766
45.350000	0.254883
45.470000	0.253906
45.590000	0.247070
45.710000	0.243164
45.830000	0.240234
45.950000	0.234375
46.070000	0.232422
46.190000	0.228516
46.310000	0.222656
46.430000	0.221680
46.550000	0.216797
46.670000	0.211914
46.790000	0.207031
46.910000	0.204102
47.030000	0.199219
47.150000	0.195312
47.270000	0.192383
47.400000	0.186523
47.510000	0.184570
47.640000	0.177734
47.760000	0.173828
47.880000	0.170898
48.000000	0.166016
48.120000	0.162109
48.240000	0.158203
48.360000	0.154297
48.480000	0.150391
48.600000	0.147461
48.720000	0.143555
48.840000	0.139648
48.960000	0.135742
49.080000	0.131836
49.200000	0.127930
49.320000	0.125000
49.440000	0.121094
49.560000	0.118164
49.680000	0.114258
49.800000	0.111328
49.920000	0.108398
50.040000	0.106445
50.160000	0.100586
50.280000	0.097656
50.400000	0.093750
50.520000	0.090820
50.640000	0.088867
50.760000	0.084961
50.890000	0.080078
51.010000	0.078125
51.130000	0.075195
51.250000	0.072266
51.370000	0.068359
51.490000	0.065430
51.610000	0.062500
51.730000	0.060547
51.850000	0.057617
51.970000	0.055664
52.090000	0.051758
52.210000	0.049805
52.330000	0.047852
52.460000	0.043945
52.580000	0.042969
52.700000	0.040039
52.820000	0.038086
52.940000	0.034180
53.060000	0.033203
53.180000	0.030273
53.300000	0.029297
53.420000	0.026367
53.540000	0.024414
53.660000	0.023437
53.780000	0.021484
53.900000	0.019531
54.030000	0.017578
54.150000	0.016602
54.270000	0.014648
54.390000	0.012695
54.510000	0.011719
54.630000	0.010742
54.750000	0.008789
54.870000	0.007813
54.990000	0.007813
55.110000	0.005859
55.230000	0.004883
55.350000	0.004883
55.470000	0.003906
55.590000	0.002930
55.710000	0.002930
55.830000	0.001953
55.950000	0.000977
56.070000	0.001953
56.190000	0.000977
56.310000	0.001953
56.430000	0.000977
56.550000	0.000977
56.670000	0.000977
56.790000	0.000977
56.900000	0.000977
57.020000	0.002930
57.140000	0.003906
57.260000	0.003906
57.380000	0.004883
57.500000	0.005859
57.620000	0.006836
57.740000	0.007813
57.860000	0.009766
57.990000	0.010742
58.110000	0.012695
58.230000	0.013672
58.350000	0.015625
58.470000	0.017578
58.590000	0.020508
58.710000	0.022461
58.830000	0.024414
58.950000	0.027344
59.070000	0.030273
59.190000	0.033203
59.310000	0.036133
59.430000	0.039063
59.560000	0.042969
59.680000	0.045898
59.800000	0.049805
59.920000	0.054688
60.040000	0.059570
60.160000	0.062500
60.280000	0.067383
60.400000	0.071289
60.520000	0.076172
60.640000	0.081055
60.760000	0.084961
60.880000	0.090820
61.000000	0.095703
61.120000	0.100586
61.250000	0.107422
61.370000	0.114258
61.490000	0.120117
61.610000	0.126953
61.730000	0.133789
61.850000	0.140625
61.970000	0.147461
62.090000	0.154297
62.210000	0.162109
62.330000	0.169922
62.450000	0.176758
62.570000	0.185547
62.690000	0.193359
62.810000	0.203125
62.930000	0.210938
63.050000	0.219727
63.180000	0.230469
63.300000	0.239258
63.420000	0.249023
63.540000	0.258789
63.660000	0.270508
63.780000	0.280273
63.900000	0.291992
64.020000	0.302734
64.140000	0.314453
64.260000	0.327148
64.380000	0.339844
64.500000	0.352539
64.620000	0.364258
64.740000	0.377930
64.860000	0.391602
64.990000	0.403320
65.110000	0.417969
65.230000	0.432617
65.350000	0.447266
65.470000	0.462891
65.590000	0.478516
65.710000	0.494141
65.830000	0.509766
65.950000	0.526367
66.070000	0.542969
66.190000	0.560547
66.310000	0.578125
66.430000	0.594727
66.550000	0.612305
66.680000	0.629883
66.800000	0.648437
66.920000	0.667969
67.040000	0.688477
67.160000	0.708008
67.280000	0.728516
67.400000	0.749023
67.520000	0.770508
67.640000	0.791016
67.760000	0.813477
67.880000	0.833984
68.000000	0.855469
68.120000	0.875000
68.240000	0.893555
68.360000	0.912109
68.480000	0.925781
68.600000	0.935547
68.720000	0.937500
68.840000	0.936523
68.960000	0.927734
69.080000	0.933594
69.200000	0.933594
69.320000	0.930664
69.440000	0.929687
69.560000	0.929687
69.680000	0.928711
69.800000	0.927734
69.910000	0.927734
70.030000	0.925781
70.150000	0.926758
70.270000	0.925781
70.390000	0.923828
70.510000	0.924805
70.630000	0.924805
70.750000	0.922852
70.870000	0.922852
70.990000	0.921875
71.110000	0.920898
71.220000	0.920898
71.340000	0.921875
71.460000	0.920898
71.580000	0.919922
71.700000	0.919922
71.810000	0.919922
71.930000	0.918945
72.050000	0.918945
72.170000	0.918945
72.280000	0.916992
72.400000	0.917969
72.520000	0.916992
72.640000	0.916992
72.760000	0.917969
72.880000	0.916016
73.000000	0.916016
73.120000	0.916016
73.240000	0.915039
73.350000	0.916016
73.470000	0.915039
73.590000	0.914062
73.710000	0.913086
73.830000	0.914062
73.940000	0.914062
74.060000	0.914062
74.180000	0.913086
74.300000	0.913086
74.410000	0.913086
74.530000	0.912109
74.650000	0.912109
74.770000	0.912109
74.890000	0.912109
75.000000	0.911133
75.120000	0.912109
75.240000	0.911133
75.350000	0.911133
75.470000	0.911133
75.590000	0.910156
75.710000	0.911133
75.830000	0.910156
75.950000	0.910156
76.070000	0.909180
76.180000	0.909180
76.300000	0.910156
76.420000	0.909180
76.540000	0.909180
76.650000	0.909180
76.770000	0.908203
76.890000	0.909180
77.010000	0.908203
77.120000	0.908203
77.240000	0.908203
77.360000	0.907227
77.480000	0.908203
77.600000	0.907227
77.720000	0.907227
77.840000	0.905273
77.960000	0.907227
78.080000	0.906250
78.190000	0.906250
78.310000	0.906250
78.430000	0.905273
78.550000	0.905273
78.670000	0.905273
78.790000	0.904297
78.910000	0.904297
79.020000	0.905273
79.150000	0.904297
79.270000	0.904297
79.380000	0.904297
79.500000	0.904297
79.620000	0.904297
79.740000	0.902344
79.860000	0.903320
79.970000	0.903320
80.090000	0.903320
80.210000	0.903320
80.330000	0.903320
80.450000	0.903320
80.560000	0.903320
80.680000	0.903320
80.800000	0.903320
80.910000	0.902344
81.030000	0.901367
81.150000	0.902344
81.270000	0.902344
81.390000	0.901367
81.510000	0.901367
81.620000	0.902344
81.740000	0.901367
81.860000	0.901367
81.970000	0.901367
82.090000	0.900391
82.210000	0.900391
82.330000	0.900391
82.440000	0.901367
82.560000	0.900391
82.680000	0.900391
82.800000	0.901367
82.920000	0.901367
83.040000	0.900391
83.160000	0.900391
83.280000	0.899414
83.400000	0.898437
83.510000	0.900391
83.630000	0.899414
83.750000	0.899414
83.870000	0.899414
83.990000	0.898437
84.110000	0.898437
84.220000	0.899414
84.340000	0.899414
84.460000	0.898437
84.580000	0.898437
84.700000	0.899414
84.820000	0.898437
84.940000	0.898437
85.060000	0.898437
85.170000	0.897461
85.290000	0.897461
85.410000	0.897461
85.530000	0.898437
85.650000	0.897461
85.760000	0.897461
85.880000	0.896484
86.000000	0.897461
86.120000	0.896484
86.230000	0.897461
86.350000	0.896484
86.470000	0.897461
86.590000	0.895508
86.710000	0.896484
86.820000	0.897461
86.940000	0.897461
87.060000	0.897461
87.180000	0.896484
87.290000	0.898437
87.410000	0.898437
87.530000	0.900391
87.650000	0.904297
87.770000	0.911133
87.890000	0.926758
88.010000	0.657227
88.130000	0.511719
88.250000	0.566406
88.370000	0.922852
88.490000	0.550781
88.610000	0.333008
88.740000	0.530273
88.860000	0.438477
88.980000	0.326172
89.100000	0.526367
89.220000	0.895508
89.340000	0.895508
89.460000	0.894531
89.580000	0.894531
