30.070000	0.917969
30.200000	0.918945
30.320000	0.916016
30.440000	0.914062
30.560000	0.913086
30.680000	0.910156
30.800000	0.908203
30.920000	0.906250
31.040000	0.904297
31.160000	0.901367
31.280000	0.898437
31.400000	0.896484
31.510000	0.893555
31.640000	0.890625
31.760000	0.887695
31.880000	0.883789
32.000000	0.882812
32.110000	0.879883
32.230000	0.877930
32.350000	0.875000
32.470000	0.871094
32.590000	0.869141
32.710000	0.866211
32.830000	0.862305
32.950000	0.859375
33.070000	0.856445
33.190000	0.852539
33.310000	0.848633
33.430000	0.845703
33.550000	0.841797
33.680000	0.836914
33.790000	0.834961
33.920000	0.831055
34.040000	0.827148
34.160000	0.823242
34.280000	0.820312
34.400000	0.816406
34.520000	0.813477
34.640000	0.809570
34.760000	0.805664
34.880000	0.800781
35.000000	0.798828
35.120000	0.793945
35.240000	0.791016
35.360000	0.787109
35.480000	0.782227
35.600000	0.779297
35.720000	0.775391
35.840000	0.772461
35.960000	0.767578
36.080000	0.764648
36.200000	0.759766
36.320000	0.756836
36.440000	0.751953
36.560000	0.748047
36.680000	0.744141
36.800000	0.740234
36.920000	0.735352
37.040000	0.732422
37.160000	0.728516
37.280000	0.722656
37.400000	0.719727
37.520000	0.714844
37.640000	0.710937
37.760000	0.707031
37.880000	0.702148
38.000000	0.698242
38.120000	0.694336
38.240000	0.689453
38.360000	0.686523
38.480000	0.681641
38.610000	0.674805
38.730000	0.670898
38.850000	0.666016
38.960000	0.665039
39.080000	0.660156
39.200000	0.656250
39.320000	0.654297
39.440000	0.646484
39.560000	0.643555
39.680000	0.637695
39.800000	0.633789
39.920000	0.628906
40.040000	0.625000
40.160000	0.620117
40.280000	0.616211
40.400000	0.612305
40.530000	0.609375
40.650000	0.603516
40.770000	0.598633
40.880000	0.594727
41.010000	0.590820
41.130000	0.585937
41.240000	0.583008
41.370000	0.577148
41.490000	0.574219
41.600000	0.569336
41.720000	0.565430
41.840000	0.559570
41.960000	0.555664
42.080000	0.551758
42.200000	0.546875
42.320000	0.542969
42.450000	0.538086
42.570000	0.535156
42.680000	0.527344
42.810000	0.526367
42.920000	0.518555
43.050000	0.516602
43.160000	0.510742
43.280000	0.504883
43.400000	0.500977
43.520000	0.497070
43.640000	0.492188
43.770000	0.490234
43.890000	0.486328
44.000000	0.478516
44.130000	0.477539
44.240000	0.469727
44.370000	0.469727
44.480000	0.460938
44.600000	0.455078
44.720000	0.451172
44.850000	0.451172
44.960000	0.442383
45.080000	0.437500
45.210000	0.437500
45.320000	0.428711
45.440000	0.423828
45.560000	0.419922
45.680000	0.415039
45.800000	0.411133
45.920000	0.406250
46.040000	0.401367
46.170000	0.400391
46.280000	0.392578
46.400000	0.388672
46.520000	0.384766
46.650000	0.382812
46.760000	0.375000
46.890000	0.374023
47.010000	0.369141
47.120000	0.361328
47.250000	0.361328
47.360000	0.352539
47.490000	0.352539
47.600000	0.343750
47.720000	0.339844
47.840000	0.333984
47.970000	0.333008
48.080000	0.326172
48.200000	0.322266
48.330000	0.319336
48.450000	0.314453
48.570000	0.310547
48.690000	0.305664
48.810000	0.301758
48.930000	0.296875
49.050000	0.292969
49.170000	0.288086
49.290000	0.283203
49.410000	0.279297
49.530000	0.274414
49.650000	0.269531
49.770000	0.264648
49.890000	0.261719
50.010000	0.256836
50.130000	0.251953
50.250000	0.248047
50.370000	0.243164
50.490000	0.239258
50.610000	0.234375
50.730000	0.230469
50.850000	0.225586
50.970000	0.221680
51.090000	0.216797
51.210000	0.212891
51.330000	0.208008
51.450000	0.204102
51.570000	0.200195
51.690000	0.195312
51.810000	0.191406
51.940000	0.189453
52.060000	0.185547
52.180000	0.181641
52.300000	0.177734
52.420000	0.173828
52.540000	0.169922
52.660000	0.166016
52.780000	0.162109
52.900000	0.159180
53.020000	0.154297
53.140000	0.150391
53.260000	0.146484
53.380000	0.142578
53.500000	0.138672
53.620000	0.135742
53.740000	0.130859
53.860000	0.125977
53.980000	0.123047
54.100000	0.120117
54.220000	0.116211
54.340000	0.112305
54.470000	0.110352
54.580000	0.105469
54.700000	0.101563
54.830000	0.099609
54.950000	0.095703
55.070000	0.093750
55.190000	0.089844
55.310000	0.087891
55.430000	0.084961
55.550000	0.082031
55.670000	0.078125
55.790000	0.076172
55.910000	0.071289
56.030000	0.069336
56.150000	0.066406
56.270000	0.063477
56.390000	0.060547
56.510000	0.057617
56.630000	0.055664
56.760000	0.051758
56.880000	0.049805
57.000000	0.047852
57.120000	0.044922
57.240000	0.041992
57.360000	0.040039
57.480000	0.038086
57.600000	0.035156
57.720000	0.033203
57.840000	0.032227
57.960000	0.029297
58.080000	0.027344
58.200000	0.025391
58.320000	0.022461
58.440000	0.022461
58.560000	0.019531
58.680000	0.018555
58.800000	0.016602
58.920000	0.014648
59.040000	0.013672
59.170000	0.011719
59.290000	0.010742
59.410000	0.009766
59.530000	0.007813
59.650000	0.006836
59.770000	0.006836
59.890000	0.004883
60.010000	0.004883
60.120000	0.003906
60.250000	0.002930
60.370000	0.002930
60.480000	0.001953
60.600000	0.001953
60.720000	0.000977
60.840000	0.001953
60.960000	0.000977
61.090000	0.001953
61.210000	0.000977
61.330000	0.000977
61.450000	0.001953
61.570000	0.001953
61.690000	0.002930
61.810000	0.003906
61.930000	0.002930
62.050000	0.005859
62.170000	0.005859
62.290000	0.006836
62.410000	0.007813
62.530000	0.008789
62.650000	0.010742
62.770000	0.011719
62.890000	0.013672
63.010000	0.014648
63.130000	0.017578
63.250000	0.018555
63.370000	0.020508
63.490000	0.023437
63.620000	0.026367
63.740000	0.028320
63.860000	0.031250
63.980000	0.034180
64.100000	0.037109
64.220000	0.039063
64.340000	0.042969
64.460000	0.045898
64.580000	0.050781
64.700000	0.054688
64.820000	0.058594
64.940000	0.062500
65.060000	0.066406
65.180000	0.069336
65.300000	0.075195
65.430000	0.079102
65.550000	0.083984
65.670000	0.089844
65.790000	0.094727
65.910000	0.099609
66.030000	0.105469
66.150000	0.111328
66.270000	0.117188
66.390000	0.123047
66.510000	0.129883
66.630000	0.136719
66.750000	0.143555
66.870000	0.150391
66.990000	0.159180
67.110000	0.166992
67.230000	0.173828
67.350000	0.181641
67.470000	0.190430
67.590000	0.199219
67.710000	0.208008
67.840000	0.214844
67.960000	0.223633
68.080000	0.235352
68.200000	0.242188
68.320000	0.251953
68.440000	0.261719
68.560000	0.271484
68.680000	0.281250
68.800000	0.292969
68.920000	0.303711
69.040000	0.318359
69.160000	0.330078
69.280000	0.342773
69.400000	0.354492
69.520000	0.367188
69.640000	0.379883
69.760000	0.392578
69.890000	0.402344
70.010000	0.416016
70.130000	0.430664
70.250000	0.444336
70.370000	0.459961
70.490000	0.474609
70.610000	0.488281
70.730000	0.505859
70.850000	0.526367
70.970000	0.542969
71.090000	0.558594
71.210000	0.577148
71.330000	0.593750
71.460000	0.607422
71.580000	0.625977
71.700000	0.643555
71.820000	0.663086
71.940000	0.681641
72.060000	0.701172
72.180000	0.719727
72.300000	0.741211
72.420000	0.763672
72.540000	0.784180
72.660000	0.803711
72.770000	0.821289
72.890000	0.841797
73.010000	0.862305
73.130000	0.880859
73.250000	0.898437
73.370000	0.914062
73.490000	0.925781
73.610000	0.933594
73.730000	0.938477
73.860000	0.937500
73.970000	0.935547
74.090000	0.934570
74.220000	0.933594
74.330000	0.931641
74.450000	0.931641
74.570000	0.930664
74.690000	0.929687
74.810000	0.929687
74.930000	0.927734
75.050000	0.926758
75.160000	0.927734
75.280000	0.926758
75.400000	0.925781
75.520000	0.924805
75.640000	0.924805
75.760000	0.924805
75.870000	0.923828
75.990000	0.923828
76.110000	0.922852
76.230000	0.922852
76.350000	0.920898
76.470000	0.919922
76.580000	0.921875
76.700000	0.920898
76.820000	0.920898
76.940000	0.920898
77.050000	0.919922
77.170000	0.918945
77.290000	0.918945
77.410000	0.917969
77.530000	0.918945
77.640000	0.919922
77.760000	0.917969
77.880000	0.916016
78.000000	0.916992
78.120000	0.916992
78.240000	0.916992
78.360000	0.916016
78.470000	0.915039
78.590000	0.915039
78.710000	0.915039
78.820000	0.915039
78.940000	0.915039
79.060000	0.914062
79.180000	0.914062
79.300000	0.913086
79.420000	0.913086
79.530000	0.911133
79.650000	0.913086
79.770000	0.912109
79.890000	0.912109
80.010000	0.912109
80.130000	0.911133
80.240000	0.912109
80.360000	0.911133
80.480000	0.911133
80.600000	0.911133
80.710000	0.911133
80.830000	0.910156
80.950000	0.909180
81.070000	0.909180
81.180000	0.909180
81.300000	0.909180
81.420000	0.909180
81.540000	0.909180
81.650000	0.908203
81.770000	0.908203
81.890000	0.907227
82.010000	0.908203
82.130000	0.908203
82.240000	0.906250
82.360000	0.906250
82.480000	0.907227
82.600000	0.907227
82.720000	0.906250
82.830000	0.906250
82.950000	0.906250
83.070000	0.905273
83.190000	0.905273
83.310000	0.905273
83.420000	0.905273
83.540000	0.904297
83.660000	0.905273
83.780000	0.905273
83.900000	0.905273
84.020000	0.905273
84.140000	0.904297
84.260000	0.904297
84.380000	0.903320
84.490000	0.904297
84.610000	0.903320
84.730000	0.902344
84.850000	0.903320
84.970000	0.903320
85.090000	0.902344
85.210000	0.902344
85.320000	0.902344
85.440000	0.902344
85.560000	0.902344
85.670000	0.902344
85.790000	0.901367
85.910000	0.902344
86.030000	0.902344
86.140000	0.901367
86.260000	0.900391
86.380000	0.901367
86.500000	0.901367
86.620000	0.901367
86.740000	0.901367
86.850000	0.901367
86.970000	0.901367
87.090000	0.901367
87.200000	0.900391
87.320000	0.900391
87.440000	0.900391
87.560000	0.900391
87.680000	0.898437
87.800000	0.900391
87.920000	0.899414
88.030000	0.900391
88.150000	0.899414
88.270000	0.899414
88.390000	0.899414
88.500000	0.899414
88.620000	0.899414
88.740000	0.899414
88.850000	0.899414
88.970000	0.898437
89.090000	0.898437
89.210000	0.899414
89.330000	0.898437
89.450000	0.898437
89.570000	0.898437
