30.070000	0.639648
30.200000	0.638672
30.320000	0.633789
30.440000	0.628906
30.560000	0.625977
30.680000	0.625000
30.800000	0.619141
30.920000	0.615234
31.040000	0.612305
31.160000	0.611328
31.280000	0.609375
31.400000	0.604492
31.520000	0.601562
31.640000	0.600586
31.760000	0.597656
31.880000	0.591797
32.000000	0.587891
32.120000	0.585937
32.240000	0.583008
32.360000	0.578125
32.480000	0.574219
32.600000	0.571289
32.720000	0.569336
32.840000	0.564453
32.960000	0.556641
33.080000	0.556641
33.200000	0.555664
33.320000	0.549805
33.440000	0.542969
33.560000	0.541016
33.680000	0.537109
33.800000	0.531250
33.920000	0.528320
34.040000	0.525391
34.160000	0.521484
34.280000	0.514648
34.410000	0.517578
34.530000	0.515625
34.650000	0.508789
34.770000	0.504883
34.890000	0.501953
35.010000	0.498047
35.130000	0.493164
35.250000	0.490234
35.370000	0.486328
35.490000	0.482422
35.610000	0.478516
35.730000	0.475586
35.850000	0.471680
35.970000	0.461914
36.090000	0.459961
36.210000	0.455078
36.330000	0.454102
36.450000	0.449219
36.570000	0.445313
36.690000	0.443359
36.810000	0.436523
36.930000	0.433594
37.050000	0.427734
37.170000	0.422852
37.290000	0.421875
37.410000	0.417969
37.530000	0.411133
37.650000	0.410156
37.770000	0.412109
37.890000	0.404297
38.010000	0.396484
38.130000	0.396484
38.250000	0.392578
38.370000	0.384766
38.490000	0.383789
38.610000	0.382812
38.730000	0.376953
38.850000	0.374023
38.970000	0.368164
39.090000	0.364258
39.210000	0.358398
39.330000	0.355469
39.450000	0.350586
39.570000	0.346680
39.690000	0.344727
39.810000	0.340820
39.930000	0.335938
40.050000	0.333008
40.170000	0.329102
40.290000	0.324219
40.420000	0.323242
40.530000	0.318359
40.650000	0.312500
40.770000	0.309570
40.890000	0.305664
41.010000	0.300781
41.130000	0.296875
41.250000	0.294922
41.380000	0.291016
41.500000	0.288086
41.620000	0.285156
41.730000	0.278320
41.860000	0.276367
41.970000	0.271484
42.090000	0.266602
42.210000	0.262695
42.330000	0.259766
42.460000	0.257813
42.570000	0.252930
42.690000	0.249023
42.810000	0.245117
42.930000	0.241211
43.050000	0.237305
43.170000	0.234375
43.300000	0.231445
43.420000	0.227539
43.530000	0.223633
43.660000	0.219727
43.780000	0.216797
43.900000	0.212891
44.020000	0.209961
44.140000	0.206055
44.260000	0.202148
44.380000	0.199219
44.500000	0.195312
44.620000	0.191406
44.740000	0.187500
44.860000	0.184570
44.980000	0.180664
45.100000	0.177734
45.220000	0.173828
45.340000	0.170898
45.460000	0.166992
45.580000	0.164063
45.700000	0.160156
45.820000	0.157227
45.940000	0.154297
46.060000	0.149414
46.180000	0.146484
46.300000	0.143555
46.420000	0.140625
46.540000	0.136719
46.660000	0.133789
46.780000	0.131836
46.900000	0.127930
47.020000	0.124023
47.140000	0.121094
47.260000	0.118164
47.380000	0.114258
47.500000	0.112305
47.620000	0.110352
47.740000	0.105469
47.860000	0.104492
47.980000	0.099609
48.100000	0.096680
48.220000	0.094727
48.340000	0.090820
48.460000	0.088867
48.580000	0.085937
48.700000	0.082031
48.820000	0.082031
48.940000	0.078125
49.060000	0.075195
49.180000	0.073242
49.300000	0.071289
49.420000	0.069336
49.540000	0.066406
49.660000	0.064453
49.780000	0.061523
49.900000	0.058594
50.020000	0.056641
50.140000	0.054688
50.260000	0.052734
50.390000	0.049805
50.510000	0.047852
50.630000	0.045898
50.750000	0.042969
50.870000	0.041992
50.990000	0.041016
51.110000	0.039063
51.230000	0.037109
51.350000	0.035156
51.470000	0.034180
51.590000	0.033203
51.710000	0.030273
51.830000	0.030273
51.950000	0.028320
52.070000	0.027344
52.180000	0.026367
52.310000	0.025391
52.430000	0.024414
52.550000	0.023437
52.670000	0.022461
52.790000	0.021484
52.910000	0.020508
53.030000	0.020508
53.140000	0.019531
53.260000	0.020508
53.390000	0.018555
53.510000	0.018555
53.620000	0.019531
53.740000	0.018555
53.860000	0.018555
53.980000	0.018555
54.100000	0.019531
54.220000	0.019531
54.340000	0.019531
54.460000	0.019531
54.570000	0.020508
54.690000	0.021484
54.810000	0.021484
54.930000	0.022461
55.050000	0.024414
55.170000	0.024414
55.290000	0.026367
55.410000	0.028320
55.530000	0.029297
55.650000	0.030273
55.770000	0.032227
55.890000	0.034180
56.010000	0.035156
56.130000	0.038086
56.250000	0.040039
56.380000	0.042969
56.500000	0.045898
56.620000	0.047852
56.740000	0.050781
56.860000	0.053711
56.980000	0.056641
57.100000	0.059570
57.220000	0.062500
57.340000	0.066406
57.460000	0.069336
57.580000	0.073242
57.700000	0.077148
57.820000	0.081055
57.940000	0.085937
58.060000	0.089844
58.180000	0.095703
58.300000	0.099609
58.430000	0.105469
58.550000	0.109375
58.670000	0.114258
58.790000	0.123047
58.910000	0.125977
59.030000	0.132813
59.150000	0.138672
59.270000	0.144531
59.390000	0.152344
59.510000	0.159180
59.630000	0.165039
59.750000	0.171875
59.870000	0.177734
59.990000	0.186523
60.110000	0.195312
60.240000	0.202148
60.360000	0.208984
60.470000	0.219727
60.590000	0.228516
60.710000	0.237305
60.830000	0.246094
60.950000	0.256836
61.070000	0.265625
61.190000	0.272461
61.310000	0.283203
61.430000	0.291992
61.550000	0.304688
61.670000	0.314453
61.800000	0.328125
61.920000	0.340820
62.040000	0.351563
62.160000	0.364258
62.280000	0.376953
62.400000	0.390625
62.520000	0.402344
62.640000	0.416016
62.760000	0.426758
62.880000	0.439453
63.000000	0.452148
63.120000	0.466797
63.240000	0.481445
63.360000	0.496094
63.480000	0.511719
63.600000	0.526367
63.730000	0.546875
63.850000	0.562500
63.970000	0.580078
64.090000	0.595703
64.210000	0.613281
64.330000	0.632812
64.450000	0.649414
64.570000	0.667969
64.690000	0.682617
64.810000	0.704102
64.930000	0.719727
65.050000	0.741211
65.170000	0.758789
65.290000	0.778320
65.420000	0.800781
65.540000	0.818359
65.660000	0.841797
65.780000	0.859375
65.900000	0.876953
66.020000	0.893555
66.140000	0.907227
66.260000	0.918945
66.380000	0.928711
66.500000	0.934570
66.620000	0.938477
66.740000	0.937500
66.860000	0.936523
66.980000	0.935547
67.100000	0.934570
67.220000	0.932617
67.340000	0.932617
67.460000	0.930664
67.580000	0.929687
67.690000	0.930664
67.810000	0.929687
67.930000	0.929687
68.050000	0.927734
68.170000	0.927734
68.280000	0.926758
68.400000	0.926758
68.520000	0.925781
68.640000	0.925781
68.760000	0.924805
68.880000	0.923828
69.000000	0.923828
69.120000	0.923828
69.230000	0.923828
69.350000	0.922852
69.470000	0.921875
69.590000	0.922852
69.710000	0.921875
69.820000	0.921875
69.940000	0.921875
70.060000	0.920898
70.180000	0.920898
70.290000	0.920898
70.410000	0.920898
70.530000	0.918945
70.650000	0.918945
70.770000	0.917969
70.880000	0.918945
71.000000	0.917969
71.120000	0.918945
71.240000	0.916992
71.360000	0.917969
71.480000	0.917969
71.590000	0.916992
71.710000	0.916992
71.830000	0.916992
71.950000	0.916016
72.060000	0.916016
72.180000	0.916992
72.300000	0.916992
72.420000	0.916016
72.530000	0.916016
72.650000	0.916016
72.770000	0.916016
72.880000	0.915039
73.000000	0.915039
73.120000	0.915039
73.240000	0.915039
73.350000	0.915039
73.470000	0.915039
73.590000	0.915039
73.710000	0.914062
73.830000	0.913086
73.940000	0.915039
74.070000	0.914062
74.190000	0.914062
74.300000	0.914062
74.420000	0.914062
74.540000	0.913086
74.660000	0.913086
74.770000	0.914062
74.890000	0.914062
75.010000	0.914062
75.130000	0.913086
75.240000	0.913086
75.360000	0.914062
75.480000	0.913086
75.590000	0.914062
75.710000	0.913086
75.830000	0.914062
75.950000	0.914062
76.060000	0.914062
76.180000	0.913086
76.300000	0.914062
76.420000	0.913086
76.530000	0.914062
76.650000	0.913086
76.770000	0.912109
76.890000	0.913086
77.010000	0.913086
77.130000	0.912109
77.250000	0.912109
77.370000	0.911133
77.480000	0.911133
77.600000	0.912109
77.720000	0.912109
77.830000	0.911133
77.950000	0.911133
78.070000	0.910156
78.190000	0.911133
78.310000	0.910156
78.420000	0.910156
78.540000	0.910156
78.660000	0.910156
78.770000	0.909180
78.890000	0.910156
79.010000	0.909180
79.130000	0.909180
79.240000	0.908203
79.360000	0.908203
79.480000	0.909180
79.600000	0.909180
79.710000	0.907227
79.830000	0.908203
79.950000	0.907227
80.070000	0.907227
80.190000	0.908203
80.310000	0.907227
80.430000	0.907227
80.550000	0.907227
80.670000	0.906250
80.780000	0.906250
80.900000	0.907227
81.020000	0.907227
81.130000	0.905273
81.250000	0.906250
81.370000	0.906250
81.490000	0.905273
81.610000	0.905273
81.730000	0.905273
81.850000	0.905273
81.960000	0.905273
82.080000	0.905273
82.200000	0.905273
82.310000	0.905273
82.430000	0.904297
82.550000	0.904297
82.670000	0.903320
82.790000	0.903320
82.910000	0.902344
83.030000	0.902344
83.140000	0.903320
83.260000	0.903320
83.380000	0.903320
83.500000	0.902344
83.620000	0.902344
83.740000	0.902344
83.850000	0.902344
83.970000	0.902344
84.090000	0.902344
84.210000	0.902344
84.320000	0.901367
84.440000	0.901367
84.560000	0.902344
84.670000	0.902344
84.790000	0.902344
84.910000	0.902344
85.030000	0.901367
85.140000	0.901367
85.260000	0.901367
85.380000	0.901367
85.490000	0.901367
85.610000	0.901367
85.730000	0.902344
85.840000	0.900391
85.960000	0.900391
86.080000	0.900391
86.200000	0.900391
86.310000	0.900391
86.430000	0.901367
86.550000	0.900391
86.670000	0.900391
86.790000	0.900391
86.900000	0.900391
87.020000	0.900391
87.140000	0.900391
87.260000	0.899414
87.370000	0.902344
87.490000	0.904297
87.610000	0.905273
87.740000	0.907227
87.860000	0.910156
87.970000	0.914062
88.090000	0.903320
88.220000	0.898437
88.340000	0.896484
88.450000	0.898437
88.570000	0.897461
88.690000	0.897461
88.800000	0.898437
88.920000	0.898437
89.040000	0.898437
89.160000	0.897461
89.270000	0.897461
89.390000	0.898437
89.510000	0.903320
