30.070000	0.843750
30.200000	0.844727
30.320000	0.840820
30.440000	0.836914
30.560000	0.834961
30.680000	0.829102
30.800000	0.825195
30.920000	0.821289
31.040000	0.819336
31.160000	0.815430
31.280000	0.811523
31.390000	0.810547
31.510000	0.808594
31.630000	0.804687
31.750000	0.800781
31.870000	0.796875
31.990000	0.793945
32.110000	0.790039
32.230000	0.787109
32.350000	0.782227
32.470000	0.779297
32.590000	0.775391
32.710000	0.772461
32.830000	0.767578
32.950000	0.764648
33.070000	0.761719
33.200000	0.751953
33.320000	0.749023
33.440000	0.744141
33.560000	0.741211
33.680000	0.737305
33.800000	0.733398
33.920000	0.728516
34.040000	0.725586
34.160000	0.721680
34.280000	0.716797
34.400000	0.712891
34.520000	0.708984
34.640000	0.706055
34.760000	0.701172
34.880000	0.697266
35.000000	0.694336
35.120000	0.690430
35.240000	0.690430
35.360000	0.681641
35.480000	0.676758
35.600000	0.672852
35.720000	0.668945
35.840000	0.665039
35.960000	0.661133
36.080000	0.656250
36.200000	0.657227
36.320000	0.648437
36.440000	0.644531
36.560000	0.639648
36.680000	0.634766
36.800000	0.631836
36.920000	0.627930
37.040000	0.623047
37.160000	0.619141
37.280000	0.614258
37.400000	0.616211
37.520000	0.611328
37.640000	0.607422
37.760000	0.603516
37.880000	0.598633
38.000000	0.594727
38.120000	0.590820
38.240000	0.585937
38.360000	0.577148
38.480000	0.578125
38.600000	0.568359
38.720000	0.569336
38.840000	0.560547
38.960000	0.555664
39.080000	0.551758
39.200000	0.551758
39.320000	0.543945
39.440000	0.539062
39.560000	0.535156
39.680000	0.531250
39.800000	0.530273
39.920000	0.523437
40.040000	0.519531
40.160000	0.515625
40.280000	0.510742
40.400000	0.505859
40.520000	0.501953
40.640000	0.498047
40.760000	0.493164
40.890000	0.485352
41.010000	0.480469
41.130000	0.477539
41.250000	0.472656
41.370000	0.467773
41.490000	0.462891
41.610000	0.458984
41.730000	0.455078
41.850000	0.450195
41.970000	0.446289
42.090000	0.441406
42.210000	0.437500
42.330000	0.432617
42.450000	0.427734
42.570000	0.422852
42.690000	0.418945
42.810000	0.414063
42.930000	0.414063
43.050000	0.406250
43.170000	0.401367
43.290000	0.397461
43.410000	0.392578
43.530000	0.391602
43.650000	0.382812
43.770000	0.382812
43.890000	0.375000
44.010000	0.370117
44.130000	0.366211
44.250000	0.361328
44.370000	0.357422
44.490000	0.352539
44.610000	0.351563
44.730000	0.343750
44.850000	0.339844
44.970000	0.334961
45.090000	0.333008
45.210000	0.329102
45.330000	0.324219
45.450000	0.320313
45.570000	0.315430
45.690000	0.311523
45.810000	0.306641
45.930000	0.301758
46.050000	0.297852
46.170000	0.293945
46.300000	0.286133
46.420000	0.280273
46.540000	0.277344
46.660000	0.273438
46.780000	0.269531
46.900000	0.264648
47.020000	0.260742
47.140000	0.255859
47.260000	0.251953
47.380000	0.250977
47.500000	0.244141
47.620000	0.240234
47.740000	0.237305
47.860000	0.233398
47.980000	0.231445
48.100000	0.224609
48.220000	0.221680
48.340000	0.216797
48.460000	0.212891
48.580000	0.209961
48.700000	0.205078
48.820000	0.201172
48.940000	0.197266
49.060000	0.193359
49.180000	0.190430
49.300000	0.186523
49.420000	0.181641
49.540000	0.179688
49.660000	0.174805
49.780000	0.171875
49.900000	0.166992
50.020000	0.163086
50.140000	0.158203
50.260000	0.153320
50.380000	0.150391
50.500000	0.145508
50.620000	0.141602
50.740000	0.137695
50.860000	0.134766
50.980000	0.131836
51.100000	0.127930
51.220000	0.123047
51.340000	0.121094
51.460000	0.117188
51.580000	0.113281
51.700000	0.110352
51.820000	0.105469
51.940000	0.103516
52.070000	0.100586
52.190000	0.097656
52.310000	0.092773
52.430000	0.089844
52.550000	0.085937
52.670000	0.083984
52.790000	0.081055
52.910000	0.077148
53.030000	0.075195
53.150000	0.072266
53.270000	0.068359
53.390000	0.066406
53.510000	0.062500
53.630000	0.060547
53.750000	0.058594
53.870000	0.055664
53.990000	0.052734
54.120000	0.049805
54.240000	0.046875
54.360000	0.043945
54.480000	0.041016
54.600000	0.040039
54.720000	0.037109
54.840000	0.035156
54.960000	0.033203
55.080000	0.031250
55.200000	0.028320
55.320000	0.027344
55.440000	0.025391
55.560000	0.024414
55.680000	0.021484
55.800000	0.020508
55.920000	0.017578
56.040000	0.016602
56.160000	0.011719
56.280000	0.014648
56.400000	0.012695
56.520000	0.010742
56.640000	0.009766
56.760000	0.008789
56.890000	0.006836
57.010000	0.006836
57.120000	0.005859
57.240000	0.005859
57.360000	0.004883
57.480000	0.003906
57.600000	0.002930
57.720000	0.003906
57.840000	0.002930
57.960000	0.003906
58.080000	0.002930
58.210000	0.001953
58.330000	0.001953
58.440000	0.001953
58.560000	0.001953
58.680000	0.002930
58.800000	0.002930
58.920000	0.002930
59.030000	0.003906
59.160000	0.004883
59.280000	0.005859
59.400000	0.006836
59.520000	0.007813
59.640000	0.010742
59.760000	0.010742
59.880000	0.013672
60.000000	0.013672
60.120000	0.014648
60.240000	0.016602
60.360000	0.019531
60.480000	0.022461
60.600000	0.024414
60.720000	0.026367
60.840000	0.029297
60.960000	0.031250
61.080000	0.034180
61.200000	0.038086
61.320000	0.041016
61.440000	0.044922
61.560000	0.047852
61.680000	0.051758
61.800000	0.055664
61.920000	0.059570
62.040000	0.062500
62.160000	0.067383
62.280000	0.071289
62.400000	0.077148
62.520000	0.082031
62.650000	0.085937
62.770000	0.090820
62.890000	0.096680
63.010000	0.101563
63.130000	0.107422
63.250000	0.114258
63.370000	0.120117
63.490000	0.125977
63.610000	0.139648
63.730000	0.138672
63.850000	0.145508
63.970000	0.154297
64.080000	0.161133
64.200000	0.168945
64.330000	0.174805
64.450000	0.182617
64.570000	0.191406
64.690000	0.200195
64.810000	0.208984
64.930000	0.216797
65.050000	0.225586
65.170000	0.235352
65.290000	0.246094
65.410000	0.255859
65.530000	0.268555
65.650000	0.279297
65.770000	0.289062
65.890000	0.300781
66.010000	0.311523
66.130000	0.323242
66.260000	0.332031
66.380000	0.344727
66.500000	0.357422
66.620000	0.369141
66.740000	0.382812
66.860000	0.396484
66.980000	0.411133
67.100000	0.423828
67.220000	0.438477
67.340000	0.454102
67.460000	0.469727
67.580000	0.485352
67.700000	0.502930
67.820000	0.518555
67.940000	0.534180
68.060000	0.549805
68.180000	0.567383
68.300000	0.583984
68.420000	0.601562
68.540000	0.619141
68.670000	0.636719
68.790000	0.656250
68.910000	0.674805
69.030000	0.694336
69.150000	0.713867
69.270000	0.734375
69.390000	0.753906
69.510000	0.774414
69.630000	0.796875
69.750000	0.817383
69.870000	0.836914
69.990000	0.859375
70.110000	0.877930
70.230000	0.895508
70.350000	0.910156
70.470000	0.922852
70.590000	0.932617
70.720000	0.937500
70.840000	0.936523
70.950000	0.935547
71.070000	0.934570
71.190000	0.932617
71.310000	0.931641
71.430000	0.930664
71.550000	0.929687
71.670000	0.929687
71.790000	0.929687
71.900000	0.927734
72.020000	0.926758
72.140000	0.926758
72.260000	0.925781
72.380000	0.925781
72.500000	0.925781
72.620000	0.923828
72.740000	0.923828
72.850000	0.923828
72.970000	0.922852
73.090000	0.921875
73.210000	0.921875
73.330000	0.921875
73.440000	0.921875
73.560000	0.921875
73.680000	0.919922
73.800000	0.919922
73.910000	0.919922
74.030000	0.918945
74.150000	0.918945
74.270000	0.918945
74.390000	0.917969
74.500000	0.918945
74.620000	0.917969
74.740000	0.917969
74.850000	0.916992
74.970000	0.916992
75.090000	0.916016
75.210000	0.916016
75.330000	0.915039
75.440000	0.915039
75.560000	0.915039
75.680000	0.915039
75.800000	0.914062
75.920000	0.914062
76.030000	0.914062
76.150000	0.914062
76.270000	0.914062
76.390000	0.913086
76.500000	0.912109
76.630000	0.912109
76.740000	0.913086
76.860000	0.913086
76.980000	0.912109
77.100000	0.912109
77.220000	0.911133
77.340000	0.911133
77.450000	0.912109
77.570000	0.911133
77.690000	0.910156
77.810000	0.910156
77.930000	0.910156
78.050000	0.908203
78.160000	0.909180
78.280000	0.909180
78.400000	0.909180
78.510000	0.908203
78.630000	0.908203
78.750000	0.909180
78.870000	0.908203
78.980000	0.908203
79.100000	0.908203
79.220000	0.908203
79.330000	0.908203
79.450000	0.907227
79.570000	0.907227
79.690000	0.906250
79.810000	0.906250
79.920000	0.907227
80.040000	0.907227
80.160000	0.905273
80.280000	0.905273
80.400000	0.905273
80.510000	0.905273
80.630000	0.905273
80.750000	0.905273
80.870000	0.905273
80.980000	0.905273
81.100000	0.904297
81.220000	0.903320
81.340000	0.904297
81.460000	0.904297
81.570000	0.904297
81.690000	0.904297
81.810000	0.904297
81.930000	0.908203
82.050000	0.903320
82.170000	0.903320
82.290000	0.903320
82.400000	0.902344
82.520000	0.902344
82.640000	0.902344
82.760000	0.903320
82.880000	0.903320
82.990000	0.902344
83.110000	0.901367
83.230000	0.902344
83.350000	0.901367
83.470000	0.901367
83.580000	0.901367
83.700000	0.901367
83.820000	0.901367
83.940000	0.900391
84.060000	0.900391
84.170000	0.901367
84.290000	0.900391
84.410000	0.901367
84.530000	0.901367
84.650000	0.901367
84.770000	0.899414
84.890000	0.899414
85.010000	0.899414
85.120000	0.900391
85.240000	0.899414
85.360000	0.899414
85.470000	0.899414
85.590000	0.900391
85.710000	0.900391
85.820000	0.899414
85.940000	0.898437
86.060000	0.897461
86.180000	0.899414
86.300000	0.899414
86.420000	0.898437
86.540000	0.898437
86.660000	0.898437
86.770000	0.898437
86.890000	0.898437
87.010000	0.898437
87.120000	0.898437
87.240000	0.897461
87.360000	0.897461
87.480000	0.897461
87.590000	0.898437
87.710000	0.897461
87.830000	0.897461
87.950000	0.898437
88.060000	0.899414
88.180000	0.901367
88.300000	0.905273
88.420000	0.912109
88.540000	0.916992
88.670000	0.900391
88.790000	0.896484
88.910000	0.895508
89.020000	0.895508
89.140000	0.895508
89.260000	0.895508
89.380000	0.896484
89.500000	0.895508
89.620000	0.896484
