30.070000	0.908203
30.200000	0.906250
30.320000	0.906250
30.440000	0.906250
30.560000	0.905273
30.670000	0.906250
30.790000	0.906250
30.910000	0.906250
31.030000	0.907227
31.150000	0.907227
31.260000	0.906250
31.380000	0.906250
31.500000	0.907227
31.620000	0.907227
31.730000	0.907227
31.850000	0.907227
31.970000	0.907227
32.080000	0.907227
32.200000	0.907227
32.320000	0.907227
32.440000	0.906250
32.550000	0.911133
32.670000	0.907227
32.790000	0.908203
32.910000	0.907227
33.030000	0.908203
33.150000	0.909180
33.270000	0.907227
33.390000	0.908203
33.510000	0.907227
33.630000	0.908203
33.750000	0.907227
33.870000	0.907227
33.990000	0.908203
34.110000	0.907227
34.220000	0.908203
34.340000	0.908203
34.460000	0.908203
34.580000	0.908203
34.700000	0.908203
34.810000	0.908203
34.930000	0.908203
35.050000	0.909180
35.170000	0.909180
35.280000	0.908203
35.400000	0.909180
35.520000	0.909180
35.640000	0.909180
35.750000	0.910156
35.870000	0.909180
35.990000	0.909180
36.110000	0.910156
36.220000	0.909180
36.340000	0.909180
36.460000	0.910156
36.580000	0.909180
36.690000	0.910156
36.810000	0.911133
36.930000	0.910156
37.050000	0.910156
37.170000	0.911133
37.290000	0.910156
37.410000	0.910156
37.530000	0.909180
37.640000	0.910156
37.760000	0.910156
37.880000	0.910156
38.000000	0.910156
38.110000	0.911133
38.230000	0.911133
38.350000	0.911133
38.470000	0.911133
38.580000	0.910156
38.700000	0.911133
38.820000	0.911133
38.940000	0.911133
39.060000	0.912109
39.180000	0.912109
39.290000	0.911133
39.410000	0.912109
39.530000	0.913086
39.650000	0.913086
39.770000	0.914062
39.880000	0.912109
40.000000	0.912109
40.120000	0.913086
40.240000	0.913086
40.360000	0.913086
40.480000	0.913086
40.590000	0.913086
40.710000	0.914062
40.830000	0.913086
40.950000	0.913086
41.060000	0.914062
41.180000	0.914062
41.300000	0.914062
41.420000	0.913086
41.530000	0.915039
41.660000	0.913086
41.780000	0.914062
41.890000	0.915039
42.010000	0.916016
42.130000	0.915039
42.250000	0.915039
42.370000	0.915039
42.490000	0.916016
42.600000	0.916016
42.720000	0.916016
42.840000	0.916016
42.960000	0.916992
43.070000	0.916992
43.190000	0.916992
43.310000	0.917969
43.420000	0.916992
43.540000	0.916992
43.660000	0.918945
43.780000	0.918945
43.900000	0.918945
44.020000	0.919922
44.140000	0.919922
44.250000	0.919922
44.370000	0.920898
44.490000	0.920898
44.600000	0.920898
44.720000	0.920898
44.840000	0.921875
44.960000	0.921875
45.070000	0.923828
45.190000	0.919922
45.310000	0.923828
45.430000	0.923828
45.550000	0.924805
45.670000	0.925781
45.790000	0.926758
45.910000	0.927734
46.030000	0.927734
46.150000	0.928711
46.260000	0.929687
46.380000	0.931641
46.500000	0.932617
46.620000	0.937500
46.740000	0.942383
46.860000	0.931641
46.980000	0.916016
47.100000	0.905273
47.230000	0.881836
47.350000	0.869141
47.470000	0.849609
47.590000	0.835937
47.710000	0.817383
47.830000	0.796875
47.950000	0.781250
48.070000	0.761719
48.190000	0.746094
48.320000	0.728516
48.440000	0.711914
48.560000	0.696289
48.680000	0.681641
48.800000	0.665039
48.920000	0.649414
49.040000	0.632812
49.160000	0.614258
49.280000	0.600586
49.400000	0.577148
49.520000	0.561523
49.640000	0.544922
49.770000	0.532227
49.890000	0.518555
50.010000	0.501953
50.130000	0.488281
50.250000	0.471680
50.370000	0.458008
50.490000	0.443359
50.610000	0.427734
50.730000	0.410156
50.850000	0.395508
50.970000	0.382812
51.090000	0.368164
51.220000	0.353516
51.340000	0.338867
51.460000	0.326172
51.580000	0.313477
51.700000	0.299805
51.820000	0.288086
51.940000	0.275391
52.060000	0.263672
52.180000	0.250977
52.300000	0.239258
52.420000	0.228516
52.540000	0.215820
52.660000	0.206055
52.780000	0.194336
52.900000	0.183594
53.030000	0.171875
53.150000	0.161133
53.270000	0.151367
53.390000	0.142578
53.510000	0.132813
53.630000	0.123047
53.750000	0.114258
53.870000	0.107422
53.990000	0.097656
54.110000	0.089844
54.230000	0.083008
54.350000	0.076172
54.480000	0.067383
54.600000	0.061523
54.720000	0.054688
54.840000	0.049805
54.960000	0.043945
55.080000	0.038086
55.200000	0.034180
55.320000	0.029297
55.440000	0.025391
55.560000	0.021484
55.680000	0.017578
55.800000	0.015625
55.920000	0.012695
56.040000	0.010742
56.160000	0.008789
56.280000	0.008789
56.400000	0.007813
56.520000	0.007813
56.640000	0.007813
56.760000	0.007813
56.870000	0.008789
57.000000	0.010742
57.120000	0.012695
57.240000	0.014648
57.360000	0.017578
57.480000	0.021484
57.600000	0.025391
57.720000	0.030273
57.840000	0.035156
57.960000	0.041016
58.090000	0.046875
58.210000	0.054688
58.330000	0.061523
58.450000	0.070313
58.570000	0.078125
58.690000	0.087891
58.810000	0.096680
58.930000	0.107422
59.050000	0.119141
59.170000	0.130859
59.290000	0.142578
59.420000	0.156250
59.540000	0.170898
59.660000	0.184570
59.780000	0.200195
59.900000	0.215820
60.020000	0.232422
60.140000	0.247070
60.260000	0.267578
60.380000	0.285156
60.500000	0.304688
60.620000	0.324219
60.740000	0.345703
60.860000	0.367188
60.980000	0.390625
61.100000	0.412109
61.230000	0.443359
61.350000	0.467773
61.470000	0.495117
61.590000	0.521484
61.710000	0.549805
61.830000	0.577148
61.950000	0.607422
62.070000	0.638672
62.190000	0.669922
62.310000	0.698242
62.430000	0.730469
62.550000	0.764648
62.670000	0.799805
62.790000	0.836914
62.920000	0.873047
63.040000	0.910156
63.160000	0.939453
63.280000	0.934570
63.400000	0.929687
63.520000	0.927734
63.640000	0.924805
63.760000	0.924805
63.880000	0.921875
64.000000	0.920898
64.110000	0.921875
64.230000	0.919922
64.350000	0.918945
64.470000	0.917969
64.590000	0.916992
64.710000	0.916992
64.820000	0.916016
64.940000	0.916016
65.060000	0.915039
65.180000	0.914062
65.300000	0.913086
65.420000	0.913086
65.540000	0.912109
65.660000	0.912109
65.770000	0.912109
65.890000	0.912109
66.010000	0.912109
66.120000	0.911133
66.240000	0.911133
66.360000	0.910156
66.480000	0.910156
66.600000	0.910156
66.710000	0.910156
66.830000	0.909180
66.950000	0.910156
67.070000	0.909180
67.180000	0.909180
67.300000	0.909180
67.420000	0.909180
67.540000	0.908203
67.650000	0.908203
67.770000	0.909180
67.890000	0.908203
68.010000	0.902344
68.130000	0.902344
68.240000	0.908203
68.360000	0.908203
68.480000	0.901367
68.600000	0.904297
68.720000	0.904297
68.840000	0.905273
68.960000	0.900391
69.080000	0.903320
69.200000	0.902344
69.320000	0.901367
69.440000	0.901367
69.560000	0.901367
69.680000	0.900391
69.790000	0.901367
69.910000	0.904297
70.030000	0.902344
70.150000	0.901367
70.270000	0.900391
70.390000	0.899414
70.510000	0.897461
70.630000	0.898437
70.750000	0.904297
70.870000	0.894531
70.990000	0.894531
71.110000	0.894531
71.220000	0.893555
71.340000	0.895508
71.470000	0.895508
71.580000	0.895508
71.700000	0.895508
71.820000	0.892578
71.940000	0.893555
72.060000	0.894531
72.180000	0.894531
72.300000	0.892578
72.420000	0.883789
72.540000	0.891602
72.660000	0.884766
72.780000	0.882812
72.900000	0.886719
73.020000	0.888672
73.140000	0.889648
73.260000	0.890625
73.380000	0.892578
73.500000	0.894531
73.620000	0.893555
73.740000	0.893555
73.860000	0.894531
73.980000	0.895508
74.100000	0.896484
74.220000	0.898437
74.340000	0.899414
74.460000	0.900391
74.580000	0.897461
74.700000	0.897461
74.810000	0.896484
74.930000	0.891602
75.050000	0.897461
75.170000	0.897461
75.290000	0.901367
75.410000	0.896484
75.530000	0.897461
75.650000	0.890625
75.770000	0.883789
75.890000	0.885742
76.010000	0.881836
76.130000	0.880859
76.250000	0.879883
76.370000	0.881836
76.490000	0.879883
76.610000	0.879883
76.730000	0.879883
76.840000	0.879883
76.960000	0.878906
77.070000	0.879883
77.190000	0.879883
77.310000	0.880859
77.430000	0.880859
77.550000	0.881836
77.670000	0.881836
77.780000	0.881836
77.900000	0.880859
78.020000	0.880859
78.140000	0.880859
78.250000	0.880859
78.370000	0.879883
78.490000	0.880859
78.610000	0.879883
78.730000	0.879883
78.850000	0.879883
78.960000	0.879883
79.080000	0.879883
79.200000	0.878906
79.320000	0.878906
79.430000	0.879883
79.550000	0.879883
79.670000	0.879883
79.790000	0.879883
79.900000	0.880859
80.020000	0.879883
80.140000	0.880859
80.260000	0.881836
80.380000	0.880859
80.500000	0.879883
80.620000	0.878906
80.740000	0.879883
80.850000	0.880859
80.970000	0.879883
81.090000	0.879883
81.210000	0.878906
81.330000	0.880859
81.450000	0.880859
81.570000	0.879883
81.690000	0.880859
81.810000	0.879883
81.930000	0.880859
82.050000	0.879883
82.170000	0.879883
82.290000	0.879883
82.400000	0.879883
82.520000	0.880859
82.640000	0.879883
82.760000	0.879883
82.880000	0.879883
82.990000	0.880859
83.120000	0.879883
83.240000	0.880859
83.360000	0.880859
83.470000	0.881836
83.590000	0.880859
83.710000	0.880859
83.830000	0.879883
83.950000	0.879883
84.060000	0.880859
84.180000	0.880859
84.300000	0.879883
84.420000	0.879883
84.540000	0.879883
84.660000	0.879883
84.770000	0.879883
84.890000	0.880859
85.010000	0.879883
85.130000	0.879883
85.250000	0.879883
85.370000	0.879883
85.480000	0.879883
85.600000	0.879883
85.720000	0.880859
85.840000	0.879883
85.960000	0.879883
86.080000	0.879883
86.190000	0.879883
86.310000	0.880859
86.430000	0.879883
86.550000	0.880859
86.670000	0.880859
86.790000	0.880859
86.900000	0.880859
87.020000	0.880859
87.140000	0.880859
87.260000	0.880859
87.370000	0.880859
87.490000	0.881836
87.610000	0.879883
87.730000	0.879883
87.840000	0.878906
87.960000	0.878906
88.080000	0.878906
88.200000	0.875000
88.320000	0.877930
88.440000	0.877930
88.560000	0.877930
88.670000	0.878906
88.790000	0.878906
88.910000	0.878906
89.030000	0.878906
89.140000	0.878906
89.260000	0.878906
89.380000	0.878906
89.500000	0.877930
